2 0.34322916666666664 0.09722222222222222 0.03802083333333333 0.12037037037037036
2 0.5875 0.13055555555555556 0.030729166666666665 0.12037037037037036
2 0.5963541666666666 0.43796296296296294 0.03229166666666667 0.11481481481481481
2 0.39895833333333336 0.3972222222222222 0.028645833333333332 0.21388888888888888
4 0.29583333333333334 0.3101851851851852 0.04114583333333333 0.11296296296296296
4 0.3578125 0.6703703703703704 0.03697916666666667 0.09074074074074075
4 0.43333333333333335 0.4962962962962963 0.03177083333333333 0.05925925925925926
4 0.5578125 0.6166666666666667 0.034375 0.09259259259259259
4 0.625 0.43796296296296294 0.03802083333333333 0.06018518518518518
1 0.35 0.10185185185185185 0.278125 0.37407407407407406
4 0.6192708333333333 0.17407407407407408 0.030208333333333334 0.06388888888888888
7 0.46875 0.000925925925925926 0.0703125 0.1398148148148148
