4 0.2453125 0.44537037037037036 0.04895833333333333 0.08518518518518518
4 0.39114583333333336 0.7453703703703703 0.05364583333333333 0.13333333333333333
4 0.6015625 0.7583333333333333 0.05416666666666667 0.12962962962962962
4 0.6536458333333334 0.38055555555555554 0.0609375 0.13425925925925927
4 0.4979166666666667 0.10648148148148148 0.051041666666666666 0.06666666666666667
4 0.2552083333333333 0.18981481481481483 0.04791666666666667 0.06944444444444445
4 0.39739583333333334 0.4759259259259259 0.051041666666666666 0.11574074074074074
4 0.4473958333333333 0.4546296296296296 0.0484375 0.09166666666666666
2 0.5869791666666667 0.11851851851851852 0.03958333333333333 0.12129629629629629
2 0.3307291666666667 0.20092592592592592 0.0375 0.11574074074074074
2 0.32083333333333336 0.5287037037037037 0.036458333333333336 0.10462962962962963
2 0.528125 0.44722222222222224 0.03229166666666667 0.19537037037037036
1 0.3265625 0.1259259259259259 0.2875 0.42962962962962964
7 0.4234375 0.000925925925925926 0.07916666666666666 0.2
