2 0.6494791666666667 0.05185185185185185 0.03802083333333333 0.1425925925925926
2 0.32864583333333336 0.14814814814814814 0.04895833333333333 0.1527777777777778
2 0.31927083333333334 0.5472222222222223 0.043229166666666666 0.12777777777777777
2 0.5744791666666667 0.43796296296296294 0.03958333333333333 0.2611111111111111
4 0.2421875 0.12777777777777777 0.05520833333333333 0.09259259259259259
4 0.23125 0.45092592592592595 0.05364583333333333 0.10277777777777777
4 0.7328125 0.37407407407407406 0.06822916666666666 0.14814814814814814
4 0.6630208333333333 0.8379629629629629 0.06822916666666666 0.1537037037037037
4 0.3963541666666667 0.8212962962962963 0.0703125 0.16018518518518518
4 0.47604166666666664 0.46944444444444444 0.0609375 0.09907407407407408
4 0.4088541666666667 0.47685185185185186 0.0671875 0.1425925925925926
4 0.5385416666666667 0.044444444444444446 0.059895833333333336 0.08333333333333333
1 0.32864583333333336 0.05462962962962963 0.35 0.5212962962962963
7 0.44479166666666664 0.000925925925925926 0.09479166666666666 0.15092592592592594
11 0.478125 0.14814814814814814 0.022916666666666665 0.06111111111111111
