2 0.425 0.23148148148148148 0.03229166666666667 0.10462962962962963
2 0.6536458333333334 0.20462962962962963 0.0328125 0.11574074074074074
2 0.4114583333333333 0.537962962962963 0.030208333333333334 0.09444444444444444
2 0.5994791666666667 0.49907407407407406 0.027083333333333334 0.19537037037037036
4 0.3609375 0.5398148148148149 0.04114583333333333 0.05185185185185185
4 0.45260416666666664 0.687037037037037 0.05 0.09814814814814815
4 0.6447916666666667 0.75 0.0453125 0.09444444444444444
4 0.7015625 0.4009259259259259 0.03802083333333333 0.08888888888888889
4 0.46927083333333336 0.43148148148148147 0.04010416666666667 0.08333333333333333
4 0.375 0.2814814814814815 0.03802083333333333 0.05555555555555555
1 0.4161458333333333 0.20925925925925926 0.2609375 0.3527777777777778
7 0.509375 0.000925925925925926 0.065625 0.24259259259259258
