4 0.3802083333333333 0.35462962962962963 0.03854166666666667 0.10277777777777777
4 0.47604166666666664 0.725 0.04114583333333333 0.13148148148148148
4 0.6494791666666667 0.687037037037037 0.03958333333333333 0.14074074074074075
4 0.6875 0.4027777777777778 0.03958333333333333 0.12407407407407407
4 0.5963541666666666 0.06574074074074074 0.030208333333333334 0.08611111111111111
4 0.39114583333333336 0.16018518518518518 0.03229166666666667 0.09351851851851851
1 0.44114583333333335 0.16944444444444445 0.23541666666666666 0.3675925925925926
2 0.4395833333333333 0.262037037037037 0.027083333333333334 0.10277777777777777
2 0.6442708333333333 0.1638888888888889 0.03333333333333333 0.10555555555555556
2 0.43072916666666666 0.48703703703703705 0.03125 0.10462962962962963
2 0.6057291666666667 0.412962962962963 0.0265625 0.16574074074074074
7 0.5098958333333333 0.000925925925925926 0.06197916666666667 0.2490740740740741
