4 0.21354166666666666 0.33240740740740743 0.10364583333333334 0.2611111111111111
4 0.21145833333333333 0.16296296296296298 0.11770833333333333 0.24537037037037038
4 0.3807291666666667 0.26481481481481484 0.1109375 0.2657407407407407
4 0.3932291666666667 0.09907407407407408 0.10572916666666667 0.23796296296296296
1 0.40989583333333335 0.5555555555555556 0.26197916666666665 0.43148148148148147
2 0.4322916666666667 0.6101851851851852 0.065625 0.15648148148148147
2 0.6067708333333334 0.5509259259259259 0.06302083333333333 0.15925925925925927
2 0.41302083333333334 0.8685185185185185 0.06458333333333334 0.11666666666666667
2 0.5895833333333333 0.7916666666666666 0.0609375 0.15185185185185185
7 0.48489583333333336 0.000925925925925926 0.16354166666666667 0.6037037037037037
