4 0.09114583333333333 0.5722222222222222 0.13645833333333332 0.10833333333333334
4 0.09010416666666667 0.7648148148148148 0.14270833333333333 0.10462962962962963
4 0.18697916666666667 0.7027777777777777 0.1328125 0.10277777777777777
4 0.21875 0.5018518518518519 0.13645833333333332 0.12222222222222222
2 0.3859375 0.812037037037037 0.06666666666666667 0.1425925925925926
2 0.4942708333333333 0.7518518518518519 0.06354166666666666 0.13333333333333333
2 0.49895833333333334 0.48333333333333334 0.06510416666666667 0.13425925925925927
2 0.39166666666666666 0.537962962962963 0.06302083333333333 0.15462962962962962
1 0.3927083333333333 0.4703703703703704 0.16614583333333333 0.4685185185185185
11 0.5067708333333333 0.33611111111111114 0.0828125 0.16574074074074074
7 0.5104166666666666 0.000925925925925926 0.20260416666666667 0.42777777777777776
7 0.09166666666666666 0.000925925925925926 0.35885416666666664 0.5657407407407408
