4 0.7401041666666667 0.2657407407407407 0.1203125 0.10648148148148148
4 0.7322916666666667 0.4601851851851852 0.11666666666666667 0.10833333333333334
4 0.6046875 0.4222222222222222 0.115625 0.10462962962962963
2 0.5526041666666667 0.5074074074074074 0.06145833333333333 0.14074074074074075
2 0.42864583333333334 0.4601851851851852 0.06197916666666667 0.13148148148148148
2 0.5567708333333333 0.23055555555555557 0.0625 0.15092592592592594
2 0.43333333333333335 0.1962962962962963 0.05677083333333333 0.14629629629629629
1 0.42916666666666664 0.18055555555555555 0.19375 0.45555555555555555
11 0.5015625 0.14166666666666666 0.051041666666666666 0.1111111111111111
7 0.4630208333333333 0.000925925925925926 0.12916666666666668 0.14444444444444443
