4 0.23854166666666668 0.23796296296296296 0.109375 0.26296296296296295
4 0.23854166666666668 0.08148148148148149 0.11458333333333333 0.23148148148148148
4 0.41354166666666664 0.17407407407407408 0.10729166666666666 0.25833333333333336
4 0.421875 0.011111111111111112 0.10572916666666667 0.22685185185185186
2 0.44947916666666665 0.7759259259259259 0.058854166666666666 0.13055555555555556
2 0.459375 0.5083333333333333 0.06458333333333334 0.17962962962962964
2 0.6411458333333333 0.4638888888888889 0.06302083333333333 0.15648148148148147
2 0.6145833333333334 0.687962962962963 0.06979166666666667 0.14722222222222223
1 0.4421875 0.4564814814814815 0.259375 0.44166666666666665
7 0.5151041666666667 0.000925925925925926 0.16197916666666667 0.5046296296296297
