1 0.3333333333333333 0.04351851851851852 0.309375 0.5314814814814814
2 0.5796875 0.05740740740740741 0.04583333333333333 0.15833333333333333
2 0.32708333333333334 0.05 0.04375 0.1638888888888889
2 0.6015625 0.5462962962962963 0.050520833333333334 0.14814814814814814
2 0.39947916666666666 0.5314814814814814 0.042708333333333334 0.3175925925925926
11 0.47708333333333336 0.03981481481481482 0.03802083333333333 0.10185185185185185
4 0.08489583333333334 0.262037037037037 0.11197916666666667 0.08703703703703704
4 0.13802083333333334 0.8240740740740741 0.1109375 0.09074074074074075
4 0.5994791666666667 0.8092592592592592 0.11666666666666667 0.07592592592592592
4 0.7989583333333333 0.6462962962962963 0.12239583333333333 0.07962962962962963
4 0.3411458333333333 0.25925925925925924 0.1109375 0.08611111111111111
4 0.5338541666666666 0.20833333333333334 0.12135416666666667 0.09166666666666666
4 0.346875 0.6712962962962963 0.10729166666666666 0.08888888888888889
