1 0.378125 0.16018518518518518 0.21666666666666667 0.4703703703703704
2 0.3729166666666667 0.15648148148148147 0.043229166666666666 0.1388888888888889
2 0.4244791666666667 0.5537037037037037 0.04010416666666667 0.275
2 0.5697916666666667 0.5740740740740741 0.0390625 0.12314814814814815
2 0.5557291666666667 0.1685185185185185 0.03958333333333333 0.13240740740740742
11 0.4822916666666667 0.15185185185185185 0.04114583333333333 0.08796296296296297
4 0.16302083333333334 0.3453703703703704 0.10052083333333334 0.0824074074074074
4 0.20052083333333334 0.8222222222222222 0.09375 0.07314814814814814
4 0.353125 0.6907407407407408 0.09010416666666667 0.07962962962962963
4 0.5942708333333333 0.8185185185185185 0.10572916666666667 0.07314814814814814
4 0.734375 0.6833333333333333 0.10572916666666667 0.075
4 0.5526041666666667 0.31296296296296294 0.1046875 0.08981481481481482
4 0.35885416666666664 0.34814814814814815 0.09375 0.07314814814814814
7 0.4583333333333333 0.000925925925925926 0.08489583333333334 0.16203703703703703
