1 0.4046875 0.03981481481481482 0.23854166666666668 0.3787037037037037
2 0.6119791666666666 0.06388888888888888 0.0375 0.14537037037037037
2 0.396875 0.03888888888888889 0.03802083333333333 0.14351851851851852
2 0.6026041666666667 0.38796296296296295 0.034895833333333334 0.125
2 0.4041666666666667 0.3611111111111111 0.03854166666666667 0.11944444444444445
11 0.515625 0.08611111111111111 0.019270833333333334 0.058333333333333334
4 0.34322916666666664 0.7074074074074074 0.049479166666666664 0.2064814814814815
4 0.5552083333333333 0.725925925925926 0.04479166666666667 0.19814814814814816
4 0.6479166666666667 0.15092592592592594 0.04114583333333333 0.11481481481481481
7 0.471875 0.000925925925925926 0.103125 0.09537037037037037
