1 0.3770833333333333 0.14907407407407408 0.21875 0.4675925925925926
2 0.4270833333333333 0.5435185185185185 0.043229166666666666 0.2638888888888889
2 0.3776041666666667 0.13703703703703704 0.04114583333333333 0.14166666666666666
2 0.5760416666666667 0.5564814814814815 0.036458333333333336 0.12222222222222222
2 0.5583333333333333 0.15185185185185185 0.036458333333333336 0.13240740740740742
11 0.4828125 0.13703703703703704 0.0421875 0.08611111111111111
7 0.459375 0.000925925925925926 0.08489583333333334 0.14351851851851852
4 0.19947916666666668 0.8055555555555556 0.09635416666666667 0.07592592592592592
4 0.16666666666666666 0.33240740740740743 0.09583333333333334 0.08055555555555556
4 0.3541666666666667 0.6722222222222223 0.08958333333333333 0.08425925925925926
4 0.59375 0.8018518518518518 0.1078125 0.0712962962962963
4 0.734375 0.6675925925925926 0.10625 0.06759259259259259
4 0.5515625 0.2953703703703704 0.10520833333333333 0.08425925925925926
4 0.3609375 0.3351851851851852 0.09270833333333334 0.07685185185185185
