1 0.4375 0.017592592592592594 0.20052083333333334 0.5574074074074075
2 0.5828125 0.5351851851851852 0.05677083333333333 0.17777777777777778
2 0.4328125 0.03333333333333333 0.04895833333333333 0.18425925925925926
2 0.5869791666666667 0.020370370370370372 0.053125 0.18611111111111112
2 0.4354166666666667 0.5453703703703704 0.05677083333333333 0.1814814814814815
11 0.5098958333333333 0.000925925925925926 0.050520833333333334 0.13796296296296295
4 0.12239583333333333 0.3 0.12916666666666668 0.1361111111111111
4 0.29739583333333336 0.28888888888888886 0.13125 0.10462962962962963
4 0.13072916666666667 0.7324074074074074 0.13697916666666668 0.1111111111111111
4 0.6828125 0.700925925925926 0.15364583333333334 0.10555555555555556
4 0.8130208333333333 0.6907407407407408 0.14739583333333334 0.09814814814814815
4 0.6494791666666667 0.24444444444444444 0.146875 0.1111111111111111
