1 0.40625 0.1648148148148148 0.21302083333333333 0.5212962962962963
2 0.40208333333333335 0.17314814814814813 0.04895833333333333 0.17592592592592593
2 0.4119791666666667 0.6425925925925926 0.057291666666666664 0.16944444444444445
2 0.5703125 0.6370370370370371 0.052083333333333336 0.16203703703703703
2 0.5692708333333333 0.17685185185185184 0.05364583333333333 0.17314814814814813
7 0.4578125 0.000925925925925926 0.11302083333333333 0.15648148148148147
11 0.4890625 0.1537037037037037 0.04739583333333333 0.11851851851851852
4 0.12864583333333332 0.38333333333333336 0.11770833333333333 0.10925925925925926
4 0.31354166666666666 0.37962962962962965 0.1140625 0.09259259259259259
4 0.6052083333333333 0.35185185185185186 0.13229166666666667 0.1
4 0.7776041666666667 0.7694444444444445 0.13645833333333332 0.09259259259259259
4 0.6390625 0.7712962962962963 0.13072916666666667 0.1037037037037037
4 0.14583333333333334 0.7833333333333333 0.11927083333333334 0.08611111111111111
