1 0.3848958333333333 0.03796296296296296 0.28854166666666664 0.5185185185185185
2 0.3697916666666667 0.5370370370370371 0.04739583333333333 0.14629629629629629
2 0.3932291666666667 0.041666666666666664 0.04635416666666667 0.1638888888888889
2 0.634375 0.04722222222222222 0.0484375 0.1648148148148148
2 0.5583333333333333 0.5407407407407407 0.046875 0.3351851851851852
11 0.49114583333333334 0.025 0.052083333333333336 0.13055555555555556
4 0.12864583333333332 0.22777777777777777 0.125 0.08796296296296297
4 0.09114583333333333 0.6787037037037037 0.12291666666666666 0.1
4 0.275 0.8759259259259259 0.12552083333333333 0.1111111111111111
4 0.7291666666666666 0.8592592592592593 0.1078125 0.08055555555555556
4 0.8067708333333333 0.275 0.10677083333333333 0.1111111111111111
4 0.3614583333333333 0.24351851851851852 0.12552083333333333 0.09814814814814815
4 0.540625 0.675 0.10364583333333334 0.075
