1 0.32916666666666666 0.125 0.3203125 0.49074074074074076
2 0.3046875 0.5907407407407408 0.04635416666666667 0.14907407407407408
2 0.6177083333333333 0.13425925925925927 0.044270833333333336 0.1574074074074074
2 0.3296875 0.12685185185185185 0.04791666666666667 0.15
2 0.5296875 0.5879629629629629 0.052083333333333336 0.3138888888888889
7 0.41510416666666666 0.000925925925925926 0.11041666666666666 0.11851851851851852
11 0.4479166666666667 0.11574074074074074 0.04583333333333333 0.10185185185185185
4 0.1234375 0.2824074074074074 0.10416666666666667 0.08148148148148149
4 0.07864583333333333 0.7129629629629629 0.10572916666666667 0.08333333333333333
4 0.3182291666666667 0.8796296296296297 0.1 0.08518518518518518
4 0.446875 0.6972222222222222 0.08645833333333333 0.0787037037037037
4 0.671875 0.8657407407407407 0.09479166666666666 0.06666666666666667
4 0.7572916666666667 0.3111111111111111 0.0828125 0.10462962962962963
4 0.41510416666666666 0.29444444444444445 0.10520833333333333 0.08518518518518518
