1 0.41875 0.05555555555555555 0.18489583333333334 0.5138888888888888
2 0.42083333333333334 0.5583333333333333 0.05364583333333333 0.17314814814814813
2 0.5583333333333333 0.5425925925925926 0.05520833333333333 0.1685185185185185
2 0.5583333333333333 0.06296296296296296 0.046875 0.17037037037037037
2 0.4078125 0.05925925925925926 0.05260416666666667 0.18703703703703703
11 0.48489583333333336 0.04259259259259259 0.0453125 0.12685185185185185
4 0.10208333333333333 0.3111111111111111 0.12760416666666666 0.11203703703703703
4 0.2765625 0.29444444444444445 0.12604166666666666 0.10833333333333334
4 0.6317708333333333 0.23981481481481481 0.1421875 0.08425925925925926
4 0.12239583333333333 0.7277777777777777 0.12916666666666668 0.09259259259259259
4 0.6682291666666667 0.6768518518518518 0.14166666666666666 0.09259259259259259
4 0.7796875 0.649074074074074 0.14166666666666666 0.09537037037037037
