1 0.2640625 0.004629629629629629 0.3140625 0.5740740740740741
2 0.5270833333333333 0.03518518518518519 0.049479166666666664 0.1638888888888889
2 0.5395833333333333 0.5527777777777778 0.05 0.14907407407407408
2 0.25625 0.003703703703703704 0.041666666666666664 0.1787037037037037
2 0.3333333333333333 0.525 0.044270833333333336 0.32685185185185184
11 0.4171875 0.005555555555555556 0.046875 0.125
4 0.4484375 0.15 0.11875 0.08981481481481482
4 0.0375 0.2462962962962963 0.109375 0.10462962962962963
4 0.7322916666666667 0.16574074074074074 0.11927083333333334 0.09351851851851851
4 0.7291666666666666 0.6425925925925926 0.11145833333333334 0.0787037037037037
4 0.5067708333333333 0.7953703703703704 0.11666666666666667 0.08611111111111111
