1 0.4578125 0.05555555555555555 0.2598958333333333 0.5018518518518519
2 0.6854166666666667 0.07592592592592592 0.04479166666666667 0.15833333333333333
2 0.45729166666666665 0.058333333333333334 0.04479166666666667 0.1425925925925926
2 0.434375 0.5185185185185185 0.04375 0.13518518518518519
2 0.6119791666666666 0.5268518518518519 0.04114583333333333 0.3111111111111111
7 0.5192708333333333 0.000925925925925926 0.09947916666666666 0.05648148148148148
11 0.5489583333333333 0.05185185185185185 0.04635416666666667 0.10555555555555556
4 0.2171875 0.20462962962962963 0.11197916666666667 0.0712962962962963
4 0.18125 0.6148148148148148 0.11458333333333333 0.08796296296296297
4 0.36041666666666666 0.8083333333333333 0.11041666666666666 0.08611111111111111
4 0.7666666666666667 0.8027777777777778 0.0984375 0.07592592592592592
4 0.8479166666666667 0.2657407407407407 0.10052083333333334 0.09166666666666666
4 0.4401041666666667 0.23425925925925925 0.11458333333333333 0.0824074074074074
