1 0.22864583333333333 0.03148148148148148 0.30520833333333336 0.5462962962962963
2 0.5010416666666667 0.5398148148148149 0.04895833333333333 0.14814814814814814
2 0.4895833333333333 0.04537037037037037 0.0484375 0.1574074074074074
2 0.215625 0.04537037037037037 0.0515625 0.1675925925925926
2 0.278125 0.5425925925925926 0.04791666666666667 0.30185185185185187
11 0.3770833333333333 0.022222222222222223 0.050520833333333334 0.12407407407407407
4 0.4 0.2611111111111111 0.10833333333333334 0.11018518518518519
4 0.6645833333333333 0.24722222222222223 0.1078125 0.11481481481481481
4 0.6744791666666666 0.6814814814814815 0.109375 0.09537037037037037
4 0.4484375 0.8324074074074074 0.109375 0.11851851851851852
