1 0.34270833333333334 0.07592592592592592 0.25833333333333336 0.4925925925925926
2 0.33125 0.0787037037037037 0.04739583333333333 0.15648148148148147
2 0.5588541666666667 0.07685185185185185 0.04479166666666667 0.14814814814814814
2 0.56875 0.5444444444444444 0.044270833333333336 0.1388888888888889
2 0.39114583333333336 0.537962962962963 0.04375 0.3148148148148148
11 0.46979166666666666 0.06388888888888888 0.04010416666666667 0.10092592592592593
7 0.4401041666666667 0.000925925925925926 0.09947916666666666 0.06481481481481481
4 0.5197916666666667 0.27037037037037037 0.1109375 0.10648148148148148
4 0.1125 0.22407407407407406 0.10260416666666666 0.07777777777777778
4 0.34375 0.2324074074074074 0.0890625 0.05555555555555555
4 0.34375 0.6166666666666667 0.0953125 0.06759259259259259
4 0.16041666666666668 0.775 0.09635416666666667 0.06851851851851852
4 0.5614583333333333 0.8416666666666667 0.11041666666666666 0.09259259259259259
4 0.7427083333333333 0.6731481481481482 0.11041666666666666 0.08981481481481482
4 0.7411458333333333 0.25555555555555554 0.109375 0.10925925925925926
