1 0.39791666666666664 0.06851851851851852 0.26875 0.49537037037037035
2 0.3921875 0.06388888888888888 0.0484375 0.15462962962962962
2 0.37916666666666665 0.512962962962963 0.04583333333333333 0.14166666666666666
2 0.6338541666666667 0.08611111111111111 0.04635416666666667 0.15925925925925927
2 0.5703125 0.5361111111111111 0.04375 0.29907407407407405
11 0.48854166666666665 0.06481481481481481 0.04479166666666667 0.10925925925925926
4 0.16458333333333333 0.2601851851851852 0.11197916666666667 0.09074074074074075
4 0.4010416666666667 0.3 0.11197916666666667 0.10185185185185185
4 0.1359375 0.6675925925925926 0.109375 0.09351851851851851
4 0.3234375 0.862037037037037 0.10885416666666667 0.09814814814814815
4 0.7213541666666666 0.7425925925925926 0.09427083333333333 0.06944444444444445
4 0.7958333333333333 0.21944444444444444 0.09010416666666667 0.0787037037037037
4 0.5302083333333333 0.575 0.09375 0.06481481481481481
7 0.4630208333333333 0.000925925925925926 0.09947916666666666 0.07407407407407407
