1 0.4234375 0.06666666666666667 0.16145833333333334 0.5296296296296297
2 0.5385416666666667 0.5555555555555556 0.05260416666666667 0.16666666666666666
2 0.41458333333333336 0.562962962962963 0.058333333333333334 0.1787037037037037
2 0.54375 0.075 0.05 0.1712962962962963
2 0.409375 0.0712962962962963 0.05260416666666667 0.1787037037037037
11 0.4828125 0.04537037037037037 0.0421875 0.13425925925925927
4 0.08072916666666667 0.24444444444444444 0.13854166666666667 0.11574074074074074
4 0.23697916666666666 0.24722222222222223 0.13802083333333334 0.08703703703703704
4 0.09375 0.6722222222222223 0.13958333333333334 0.08333333333333333
4 0.68125 0.7287037037037037 0.146875 0.10092592592592593
4 0.7817708333333333 0.7092592592592593 0.146875 0.10462962962962963
4 0.64375 0.2953703703703704 0.15052083333333333 0.10462962962962963
