1 0.32447916666666665 0.06388888888888888 0.3140625 0.5287037037037037
2 0.5786458333333333 0.062037037037037036 0.0484375 0.15925925925925927
2 0.60625 0.5546296296296296 0.04635416666666667 0.1527777777777778
2 0.31302083333333336 0.08425925925925926 0.0484375 0.1675925925925926
2 0.390625 0.5666666666666667 0.05364583333333333 0.32592592592592595
11 0.4713541666666667 0.05740740740740741 0.049479166666666664 0.1175925925925926
7 0.44166666666666665 0.000925925925925926 0.10520833333333333 0.06759259259259259
4 0.11197916666666667 0.2740740740740741 0.10052083333333334 0.09259259259259259
4 0.17604166666666668 0.8416666666666667 0.09375 0.08333333333333333
4 0.3885416666666667 0.6583333333333333 0.09479166666666666 0.08333333333333333
