1 0.4578125 0.18796296296296297 0.17447916666666666 0.4675925925925926
2 0.5947916666666667 0.2074074074074074 0.0453125 0.15092592592592594
2 0.5604166666666667 0.6259259259259259 0.04114583333333333 0.27314814814814814
2 0.45208333333333334 0.5907407407407408 0.04114583333333333 0.12037037037037036
7 0.48802083333333335 0.000925925925925926 0.09427083333333333 0.18611111111111112
4 0.6229166666666667 0.6675925925925926 0.10677083333333333 0.06574074074074074
4 0.7895833333333333 0.3574074074074074 0.11145833333333334 0.08611111111111111
4 0.7348958333333333 0.8481481481481481 0.11041666666666666 0.06944444444444445
4 0.3229166666666667 0.4111111111111111 0.12395833333333334 0.09259259259259259
4 0.20625 0.36666666666666664 0.115625 0.075
4 0.17864583333333334 0.725925925925926 0.11354166666666667 0.08518518518518518
4 0.2713541666666667 0.9231481481481482 0.1171875 0.07685185185185185
