1 0.42083333333333334 0.08055555555555556 0.15572916666666667 0.6074074074074074
2 0.41822916666666665 0.6425925925925926 0.0609375 0.18888888888888888
2 0.40677083333333336 0.0962962962962963 0.058333333333333334 0.20462962962962963
2 0.5302083333333333 0.6111111111111112 0.0578125 0.17777777777777778
2 0.5328125 0.07962962962962963 0.05364583333333333 0.18425925925925926
11 0.47760416666666666 0.06481481481481481 0.0515625 0.15462962962962962
4 0.052083333333333336 0.3 0.14635416666666667 0.12314814814814815
4 0.20833333333333334 0.30185185185185187 0.14635416666666667 0.07685185185185185
4 0.07864583333333333 0.762962962962963 0.14791666666666667 0.08981481481481482
4 0.7125 0.8481481481481481 0.1578125 0.13240740740740742
4 0.8026041666666667 0.8027777777777778 0.15885416666666666 0.12407407407407407
4 0.6645833333333333 0.38055555555555554 0.1625 0.11388888888888889
4 0.8104166666666667 0.3574074074074074 0.15364583333333334 0.12962962962962962
4 0.18229166666666666 0.7287037037037037 0.13958333333333334 0.07777777777777778
