1 0.31197916666666664 0.040740740740740744 0.24739583333333334 0.46944444444444444
2 0.3015625 0.062037037037037036 0.04739583333333333 0.1574074074074074
2 0.528125 0.46944444444444444 0.044270833333333336 0.13518518518518519
2 0.515625 0.025 0.042708333333333334 0.15555555555555556
2 0.3614583333333333 0.5194444444444445 0.04895833333333333 0.27314814814814814
11 0.43385416666666665 0.017592592592592594 0.0375 0.1175925925925926
4 0.4875 0.27870370370370373 0.1171875 0.12777777777777777
4 0.6890625 0.22777777777777777 0.10833333333333334 0.10462962962962963
4 0.6932291666666667 0.612037037037037 0.11041666666666666 0.09259259259259259
4 0.5416666666666666 0.8185185185185185 0.11197916666666667 0.09907407407407408
4 0.14583333333333334 0.7240740740740741 0.09270833333333334 0.06851851851851852
4 0.3177083333333333 0.5453703703703704 0.0890625 0.06296296296296296
4 0.09635416666666667 0.21388888888888888 0.09947916666666666 0.07407407407407407
