1 0.41770833333333335 0.19537037037037036 0.16666666666666666 0.47129629629629627
2 0.5484375 0.23055555555555557 0.0453125 0.15092592592592594
2 0.41041666666666665 0.6064814814814815 0.043229166666666666 0.13148148148148148
2 0.5151041666666667 0.662962962962963 0.043229166666666666 0.2611111111111111
7 0.44583333333333336 0.001851851851851852 0.09010416666666667 0.1962962962962963
4 0.16145833333333334 0.3814814814814815 0.11770833333333333 0.0824074074074074
4 0.275 0.4388888888888889 0.12604166666666666 0.08611111111111111
4 0.13541666666666666 0.7518518518518519 0.11510416666666666 0.08333333333333333
4 0.5848958333333333 0.6907407407407408 0.10416666666666667 0.06111111111111111
4 0.6953125 0.8740740740740741 0.1109375 0.0712962962962963
4 0.74375 0.3768518518518518 0.11354166666666667 0.08703703703703704
11 0.478125 0.1935185185185185 0.027083333333333334 0.11296296296296296
