1 0.39479166666666665 0.04537037037037037 0.15 0.5787037037037037
2 0.39166666666666666 0.5888888888888889 0.057291666666666664 0.18055555555555555
2 0.38229166666666664 0.07314814814814814 0.05625 0.18425925925925926
2 0.496875 0.549074074074074 0.058333333333333334 0.1712962962962963
2 0.5010416666666667 0.04537037037037037 0.052083333333333336 0.1824074074074074
4 0.6229166666666667 0.33240740740740743 0.15885416666666666 0.1175925925925926
4 0.7635416666666667 0.31203703703703706 0.14947916666666666 0.12962962962962962
4 0.759375 0.7379629629629629 0.15208333333333332 0.12407407407407407
4 0.6723958333333333 0.7861111111111111 0.15208333333333332 0.12777777777777777
4 0.06666666666666667 0.700925925925926 0.14166666666666666 0.08796296296296297
4 0.040625 0.25555555555555554 0.1421875 0.11851851851851852
4 0.19010416666666666 0.23055555555555557 0.13697916666666668 0.09259259259259259
4 0.16145833333333334 0.6564814814814814 0.13802083333333334 0.08611111111111111
11 0.44427083333333334 0.03425925925925926 0.05572916666666667 0.1388888888888889
