1 0.3770833333333333 0.07222222222222222 0.17708333333333334 0.612037037037037
2 0.36302083333333335 0.10648148148148148 0.059375 0.19444444444444445
2 0.5072916666666667 0.6055555555555555 0.05520833333333333 0.16944444444444445
2 0.37447916666666664 0.6388888888888888 0.05625 0.17962962962962964
2 0.503125 0.07592592592592592 0.05677083333333333 0.1962962962962963
11 0.44427083333333334 0.06111111111111111 0.043229166666666666 0.14907407407407408
4 0.16927083333333334 0.31851851851851853 0.1484375 0.08796296296296297
4 0.0005208333333333333 0.33425925925925926 0.12864583333333332 0.12129629629629629
4 0.013541666666666667 0.7935185185185185 0.1484375 0.09907407407407408
4 0.6802083333333333 0.8203703703703704 0.16145833333333334 0.11851851851851852
4 0.7791666666666667 0.7796296296296297 0.15885416666666666 0.10555555555555556
4 0.6255208333333333 0.3509259259259259 0.16927083333333334 0.12037037037037036
4 0.796875 0.325 0.16041666666666668 0.125
