1 0.42604166666666665 0.02962962962962963 0.1859375 0.5435185185185185
2 0.4125 0.044444444444444446 0.0578125 0.19074074074074074
2 0.41822916666666665 0.5453703703703704 0.05520833333333333 0.1685185185185185
2 0.5604166666666667 0.5296296296296297 0.0546875 0.15925925925925927
2 0.5682291666666667 0.04259259259259259 0.050520833333333334 0.1787037037037037
11 0.4979166666666667 0.01574074074074074 0.04583333333333333 0.1398148148148148
4 0.2604166666666667 0.25833333333333336 0.13333333333333333 0.09074074074074075
4 0.09635416666666667 0.25833333333333336 0.1328125 0.13148148148148148
4 0.10677083333333333 0.6814814814814815 0.134375 0.09351851851851851
4 0.8088541666666667 0.7 0.14479166666666668 0.10648148148148148
4 0.6901041666666666 0.7240740740740741 0.14479166666666668 0.10833333333333334
4 0.6552083333333333 0.2935185185185185 0.14479166666666668 0.11481481481481481
