1 0.31666666666666665 0.07592592592592592 0.2421875 0.4324074074074074
2 0.30572916666666666 0.0787037037037037 0.042708333333333334 0.13703703703703704
2 0.3625 0.47962962962962963 0.044270833333333336 0.262037037037037
2 0.5177083333333333 0.07685185185185185 0.040625 0.13518518518518519
2 0.5265625 0.48055555555555557 0.0421875 0.12407407407407407
7 0.40625 0.002777777777777778 0.08489583333333334 0.07314814814814814
11 0.434375 0.07037037037037037 0.0359375 0.08518518518518518
4 0.1265625 0.23796296296296296 0.08958333333333333 0.08055555555555556
4 0.17083333333333334 0.7101851851851851 0.08177083333333333 0.06666666666666667
4 0.3390625 0.5666666666666667 0.08072916666666667 0.06481481481481481
4 0.51875 0.7537037037037037 0.09479166666666666 0.08055555555555556
4 0.6796875 0.600925925925926 0.09635416666666667 0.07407407407407407
4 0.4739583333333333 0.23981481481481481 0.096875 0.10185185185185185
4 0.6760416666666667 0.22777777777777777 0.09635416666666667 0.09351851851851851
