1 0.2864583333333333 0.025 0.35052083333333334 0.5361111111111111
2 0.271875 0.5407407407407407 0.04635416666666667 0.15
2 0.2838541666666667 0.03518518518518519 0.05 0.16296296296296298
2 0.5239583333333333 0.5398148148148149 0.046875 0.2953703703703704
2 0.5979166666666667 0.026851851851851852 0.04739583333333333 0.1685185185185185
11 0.40677083333333336 0.013888888888888888 0.0640625 0.125
4 0.09270833333333334 0.2537037037037037 0.1 0.09537037037037037
4 0.415625 0.25555555555555554 0.0953125 0.10185185185185185
4 0.734375 0.21388888888888888 0.08125 0.09814814814814815
4 0.059895833333333336 0.7 0.09895833333333333 0.10185185185185185
4 0.4088541666666667 0.6407407407407407 0.0859375 0.07777777777777778
4 0.328125 0.862037037037037 0.09427083333333333 0.1
4 0.6526041666666667 0.7888888888888889 0.0875 0.0787037037037037
