1 0.2296875 0.03425925925925926 0.3390625 0.5083333333333333
2 0.51875 0.03796296296296296 0.04635416666666667 0.15185185185185185
2 0.21979166666666666 0.07407407407407407 0.04791666666666667 0.16018518518518518
2 0.534375 0.49907407407407406 0.043229166666666666 0.13518518518518519
2 0.2984375 0.5212962962962963 0.046875 0.2861111111111111
11 0.38333333333333336 0.03518518518518519 0.06458333333333334 0.11018518518518519
4 0.06927083333333334 0.22407407407407406 0.08072916666666667 0.0712962962962963
4 0.3546875 0.31666666666666665 0.08802083333333334 0.125
4 0.36614583333333334 0.5611111111111111 0.07916666666666666 0.06944444444444445
4 0.13854166666666667 0.7324074074074074 0.078125 0.06574074074074074
4 0.42864583333333334 0.8601851851851852 0.09114583333333333 0.09722222222222222
4 0.6723958333333333 0.6611111111111111 0.0921875 0.09907407407407408
4 0.6619791666666667 0.26481481481481484 0.09375 0.11574074074074074
