1 0.33125 0.06481481481481481 0.2786458333333333 0.5111111111111111
2 0.3375 0.07037037037037037 0.0453125 0.14722222222222223
2 0.5651041666666666 0.05092592592592592 0.0453125 0.14907407407407408
2 0.3296875 0.5120370370370371 0.044270833333333336 0.1361111111111111
2 0.5119791666666667 0.5101851851851852 0.04791666666666667 0.2777777777777778
11 0.4276041666666667 0.04722222222222222 0.041666666666666664 0.10185185185185185
4 0.34427083333333336 0.22777777777777777 0.1078125 0.09351851851851851
4 0.11875 0.23981481481481481 0.10520833333333333 0.08148148148148149
4 0.7229166666666667 0.22870370370370371 0.08958333333333333 0.10833333333333334
4 0.48072916666666665 0.600925925925926 0.08854166666666667 0.07685185185185185
4 0.6640625 0.7425925925925926 0.09427083333333333 0.07314814814814814
4 0.09114583333333333 0.6398148148148148 0.10729166666666666 0.09074074074074075
4 0.26875 0.7925925925925926 0.11041666666666666 0.09074074074074075
