1 0.31145833333333334 0.022222222222222223 0.27239583333333334 0.48333333333333334
2 0.5484375 0.05740740740740741 0.04479166666666667 0.1527777777777778
2 0.3020833333333333 0.4685185185185185 0.041666666666666664 0.1398148148148148
2 0.49270833333333336 0.48518518518518516 0.04479166666666667 0.2824074074074074
2 0.3067708333333333 0.020370370370370372 0.046875 0.14907407407407408
11 0.4041666666666667 0.028703703703703703 0.0421875 0.10277777777777777
4 0.7046875 0.19074074074074074 0.09270833333333334 0.08796296296296297
4 0.4453125 0.5407407407407407 0.09010416666666667 0.06759259259259259
4 0.3359375 0.2953703703703704 0.10208333333333333 0.1
4 0.10052083333333334 0.24444444444444444 0.10052083333333334 0.09537037037037037
4 0.0703125 0.6453703703703704 0.10208333333333333 0.09444444444444444
4 0.2682291666666667 0.8157407407407408 0.10208333333333333 0.10925925925925926
4 0.64375 0.700925925925926 0.09114583333333333 0.06666666666666667
