1 0.3932291666666667 0.2222222222222222 0.17604166666666668 0.5259259259259259
2 0.5203125 0.7 0.052083333333333336 0.16111111111111112
2 0.3890625 0.7148148148148148 0.05520833333333333 0.16666666666666666
2 0.3828125 0.22870370370370371 0.05520833333333333 0.17962962962962964
2 0.5244791666666667 0.2222222222222222 0.052083333333333336 0.16944444444444445
7 0.42291666666666666 0.000925925925925926 0.1203125 0.20462962962962963
11 0.45989583333333334 0.20092592592592592 0.0484375 0.1388888888888889
4 0.6489583333333333 0.8814814814814815 0.14322916666666666 0.11296296296296296
4 0.7604166666666666 0.8527777777777777 0.14479166666666668 0.10740740740740741
4 0.6161458333333333 0.4601851851851852 0.14322916666666666 0.10555555555555556
4 0.23489583333333333 0.40925925925925927 0.13229166666666667 0.0962962962962963
4 0.065625 0.4203703703703704 0.13541666666666666 0.1175925925925926
4 0.08385416666666666 0.8342592592592593 0.13541666666666666 0.08611111111111111
4 0.21510416666666668 0.8074074074074075 0.12864583333333332 0.05925925925925926
