1 0.3734375 0.017592592592592594 0.2864583333333333 0.48055555555555557
2 0.6125 0.04814814814814815 0.0453125 0.15833333333333333
2 0.55625 0.49074074074074076 0.042708333333333334 0.26851851851851855
2 0.3692708333333333 0.009259259259259259 0.0453125 0.14907407407407408
2 0.36302083333333335 0.462037037037037 0.041666666666666664 0.13148148148148148
11 0.46875 0.022222222222222223 0.044270833333333336 0.10092592592592593
4 0.7682291666666666 0.18888888888888888 0.09010416666666667 0.08148148148148149
4 0.40625 0.28888888888888886 0.1015625 0.0962962962962963
4 0.16979166666666667 0.22870370370370371 0.0984375 0.0962962962962963
4 0.13802083333333334 0.6259259259259259 0.09895833333333333 0.10185185185185185
4 0.33489583333333334 0.8046296296296296 0.1 0.10462962962962963
4 0.5057291666666667 0.5296296296296297 0.08854166666666667 0.05925925925925926
4 0.7005208333333334 0.6888888888888889 0.09114583333333333 0.06759259259259259
