1 0.26614583333333336 0.08611111111111111 0.28958333333333336 0.4388888888888889
2 0.3302083333333333 0.5027777777777778 0.0390625 0.24166666666666667
2 0.2625 0.13518518518518519 0.04114583333333333 0.13148148148148148
2 0.5265625 0.4824074074074074 0.04114583333333333 0.10555555555555556
2 0.50625 0.08518518518518518 0.03958333333333333 0.13055555555555556
7 0.3807291666666667 0.000925925925925926 0.0875 0.10833333333333334
11 0.4041666666666667 0.1037037037037037 0.041666666666666664 0.08796296296296297
4 0.1359375 0.2564814814814815 0.06510416666666667 0.062037037037037036
4 0.378125 0.3574074074074074 0.08020833333333334 0.10740740740740741
4 0.6369791666666667 0.2972222222222222 0.078125 0.09814814814814815
4 0.6421875 0.6194444444444445 0.07708333333333334 0.09074074074074075
4 0.44166666666666665 0.7953703703703704 0.07552083333333333 0.09722222222222222
4 0.1953125 0.6777777777777778 0.06302083333333333 0.06018518518518518
4 0.384375 0.525 0.06614583333333333 0.05740740740740741
