1 0.3723958333333333 0.024074074074074074 0.16458333333333333 0.48703703703703705
2 0.359375 0.032407407407407406 0.05260416666666667 0.16666666666666666
2 0.496875 0.023148148148148147 0.04895833333333333 0.16203703703703703
2 0.49270833333333336 0.46111111111111114 0.051041666666666666 0.1537037037037037
2 0.36770833333333336 0.4824074074074074 0.050520833333333334 0.1574074074074074
11 0.4328125 0.001851851851851852 0.044270833333333336 0.12962962962962962
4 0.2359375 0.21481481481481482 0.12083333333333333 0.08796296296296297
4 0.07708333333333334 0.21944444444444444 0.125 0.12037037037037036
4 0.09791666666666667 0.6027777777777777 0.12604166666666666 0.08611111111111111
4 0.5796875 0.6425925925925926 0.13645833333333332 0.10462962962962963
4 0.703125 0.6175925925925926 0.13020833333333334 0.10185185185185185
4 0.5864583333333333 0.2601851851851852 0.13229166666666667 0.12037037037037036
4 0.7140625 0.2462962962962963 0.12760416666666666 0.11388888888888889
