1 0.3651041666666667 0.06851851851851852 0.24427083333333333 0.4666666666666667
2 0.365625 0.06666666666666667 0.04583333333333333 0.14629629629629629
2 0.5213541666666667 0.5083333333333333 0.04375 0.2916666666666667
2 0.35833333333333334 0.5037037037037037 0.044270833333333336 0.12962962962962962
2 0.5734375 0.08333333333333333 0.04375 0.15462962962962962
7 0.42604166666666665 0.000925925925925926 0.08645833333333333 0.06296296296296296
11 0.44895833333333335 0.06111111111111111 0.0390625 0.10185185185185185
4 0.10416666666666667 0.6425925925925926 0.10833333333333334 0.08518518518518518
4 0.13541666666666666 0.25833333333333336 0.10833333333333334 0.08333333333333333
4 0.328125 0.2935185185185185 0.11354166666666667 0.09259259259259259
4 0.26614583333333336 0.8157407407407408 0.11302083333333333 0.10185185185185185
4 0.6822916666666666 0.7351851851851852 0.10208333333333333 0.06944444444444445
4 0.5161458333333333 0.575 0.0984375 0.06481481481481481
4 0.7463541666666667 0.23055555555555557 0.09895833333333333 0.08055555555555556
4 0.534375 0.23796296296296296 0.09479166666666666 0.05277777777777778
