1 0.34427083333333336 0.018518518518518517 0.22916666666666666 0.5453703703703704
2 0.33697916666666666 0.049074074074074076 0.05520833333333333 0.17222222222222222
2 0.38958333333333334 0.5388888888888889 0.0484375 0.33055555555555555
2 0.534375 0.5166666666666667 0.0484375 0.14537037037037037
2 0.528125 0.028703703703703703 0.044270833333333336 0.1648148148148148
11 0.4583333333333333 0.017592592592592594 0.03802083333333333 0.11574074074074074
4 0.7395833333333334 0.6722222222222223 0.1328125 0.08796296296296297
4 0.6057291666666667 0.8805555555555555 0.13802083333333334 0.10185185185185185
4 0.5770833333333333 0.27037037037037037 0.13958333333333334 0.12685185185185185
4 0.7447916666666666 0.23055555555555557 0.13177083333333334 0.11296296296296296
4 0.2635416666666667 0.19814814814814816 0.115625 0.07592592592592592
4 0.05625 0.22592592592592592 0.12760416666666666 0.08981481481481482
4 0.25 0.6074074074074074 0.1171875 0.08425925925925926
4 0.09010416666666667 0.812037037037037 0.12395833333333334 0.0824074074074074
