1 0.3171875 0.06388888888888888 0.2953125 0.537962962962963
2 0.30625 0.058333333333333334 0.052083333333333336 0.17314814814814813
2 0.5744791666666667 0.5805555555555556 0.050520833333333334 0.15092592592592594
2 0.5635416666666667 0.07222222222222222 0.04791666666666667 0.16296296296296298
2 0.36302083333333335 0.5574074074074075 0.0484375 0.32685185185185184
11 0.46197916666666666 0.04814814814814815 0.04791666666666667 0.12314814814814815
4 0.08072916666666667 0.2833333333333333 0.10833333333333334 0.09722222222222222
4 0.12291666666666666 0.8712962962962963 0.10520833333333333 0.08425925925925926
4 0.3296875 0.7148148148148148 0.103125 0.08518518518518518
4 0.7578125 0.7277777777777777 0.11510416666666666 0.08888888888888889
4 0.5552083333333333 0.8833333333333333 0.125 0.09722222222222222
4 0.7578125 0.2675925925925926 0.11875 0.11574074074074074
4 0.5104166666666666 0.2675925925925926 0.11875 0.12222222222222222
