1 0.4078125 0.21666666666666667 0.134375 0.46111111111111114
2 0.39739583333333334 0.22407407407407406 0.04739583333333333 0.15
2 0.40572916666666664 0.6398148148148148 0.04635416666666667 0.15
2 0.5010416666666667 0.6361111111111111 0.04479166666666667 0.14907407407407408
2 0.5088541666666667 0.2324074074074074 0.041666666666666664 0.13333333333333333
7 0.4270833333333333 0.000925925925925926 0.10260416666666666 0.20555555555555555
11 0.46510416666666665 0.20092592592592592 0.0296875 0.1175925925925926
4 0.11354166666666667 0.42962962962962964 0.12395833333333334 0.10185185185185185
4 0.2453125 0.42685185185185187 0.121875 0.09351851851851851
4 0.12760416666666666 0.7833333333333333 0.12552083333333333 0.08611111111111111
4 0.6369791666666667 0.7787037037037037 0.12916666666666668 0.09074074074074075
4 0.7192708333333333 0.774074074074074 0.1296875 0.08611111111111111
4 0.6005208333333333 0.4064814814814815 0.1328125 0.08981481481481482
4 0.7291666666666666 0.4185185185185185 0.12760416666666666 0.1037037037037037
