1 0.25885416666666666 0.01574074074074074 0.4109375 0.537962962962963
2 0.24427083333333333 0.5074074074074074 0.043229166666666666 0.15555555555555556
2 0.2703125 0.012037037037037037 0.043229166666666666 0.1648148148148148
2 0.5348958333333333 0.5148148148148148 0.0484375 0.31203703703703706
2 0.6354166666666666 0.049074074074074076 0.0453125 0.16666666666666666
11 0.4140625 0.018518518518518517 0.06145833333333333 0.11481481481481481
4 0.5651041666666666 0.3074074074074074 0.05260416666666667 0.10648148148148148
4 0.6890625 0.20462962962962963 0.049479166666666664 0.09537037037037037
4 0.18645833333333334 0.26481481481481484 0.0609375 0.10925925925925926
4 0.14895833333333333 0.6953703703703704 0.06197916666666667 0.125
4 0.3182291666666667 0.587037037037037 0.046875 0.07685185185185185
4 0.4661458333333333 0.8666666666666667 0.052083333333333336 0.12962962962962962
4 0.5963541666666666 0.7472222222222222 0.04583333333333333 0.0787037037037037
