1 0.3140625 0.08796296296296297 0.24427083333333333 0.4148148148148148
2 0.3020833333333333 0.08518518518518518 0.04010416666666667 0.14629629629629629
2 0.5244791666666667 0.11944444444444445 0.03958333333333333 0.14351851851851852
2 0.5182291666666666 0.487962962962963 0.03958333333333333 0.1259259259259259
2 0.3151041666666667 0.46111111111111114 0.04114583333333333 0.1259259259259259
7 0.371875 0.002777777777777778 0.1109375 0.13333333333333333
11 0.4125 0.12777777777777777 0.034375 0.075
4 0.2682291666666667 0.8018518518518518 0.044270833333333336 0.19814814814814816
4 0.4942708333333333 0.8157407407407408 0.03958333333333333 0.18425925925925926
4 0.5572916666666666 0.3074074074074074 0.0328125 0.10648148148148148
4 0.353125 0.29074074074074074 0.0375 0.11018518518518519
