1 0.36041666666666666 0.028703703703703703 0.18177083333333333 0.5981481481481481
2 0.49270833333333336 0.5722222222222222 0.05520833333333333 0.15555555555555556
2 0.3572916666666667 0.5731481481481482 0.05260416666666667 0.14444444444444443
2 0.5057291666666667 0.0712962962962963 0.0546875 0.15833333333333333
2 0.3567708333333333 0.07592592592592592 0.04895833333333333 0.15092592592592594
4 0.16302083333333334 0.2611111111111111 0.14947916666666666 0.125
4 0.041666666666666664 0.26481481481481484 0.15 0.09351851851851851
4 0.0109375 0.6962962962962963 0.14791666666666667 0.10185185185185185
4 0.1734375 0.7027777777777777 0.146875 0.09907407407407408
4 0.74375 0.6842592592592592 0.13541666666666666 0.1037037037037037
4 0.7213541666666666 0.25833333333333336 0.1359375 0.1
4 0.5890625 0.26481481481481484 0.13385416666666666 0.11203703703703703
