1 0.4239583333333333 0.09166666666666666 0.175 0.5444444444444444
2 0.41770833333333335 0.6064814814814815 0.05572916666666667 0.18333333333333332
2 0.5567708333333333 0.09351851851851851 0.05 0.1814814814814815
2 0.5520833333333334 0.5842592592592593 0.05364583333333333 0.18981481481481483
2 0.41302083333333334 0.08888888888888889 0.05364583333333333 0.19722222222222222
11 0.48489583333333336 0.06759259259259259 0.0515625 0.1398148148148148
7 0.44947916666666665 0.000925925925925926 0.12604166666666666 0.075
4 0.2515625 0.34629629629629627 0.140625 0.10648148148148148
4 0.07552083333333333 0.3537037037037037 0.13958333333333334 0.13425925925925927
4 0.09010416666666667 0.7814814814814814 0.14479166666666668 0.1037037037037037
4 0.6822916666666666 0.7518518518518519 0.15364583333333334 0.10833333333333334
4 0.7994791666666666 0.7398148148148148 0.15416666666666667 0.1
4 0.640625 0.2935185185185185 0.15520833333333334 0.10833333333333334
4 0.8104166666666667 0.2935185185185185 0.15364583333333334 0.12407407407407407
