1 0.38229166666666664 0.05 0.3145833333333333 0.549074074074074
2 0.3692708333333333 0.5333333333333333 0.0453125 0.14166666666666666
2 0.3880208333333333 0.053703703703703705 0.050520833333333334 0.1527777777777778
2 0.6588541666666666 0.10092592592592593 0.04635416666666667 0.16203703703703703
2 0.5859375 0.5685185185185185 0.046875 0.30833333333333335
11 0.49635416666666665 0.062037037037037036 0.051041666666666666 0.1175925925925926
7 0.46927083333333336 0.000925925925925926 0.10416666666666667 0.06759259259259259
4 0.8182291666666667 0.287962962962963 0.0984375 0.09814814814814815
4 0.14583333333333334 0.24722222222222223 0.11458333333333333 0.08981481481481482
4 0.421875 0.30925925925925923 0.11354166666666667 0.10185185185185185
4 0.11510416666666666 0.6768518518518518 0.1140625 0.09814814814814815
4 0.3385416666666667 0.8851851851851852 0.11354166666666667 0.10185185185185185
4 0.5276041666666667 0.6361111111111111 0.09739583333333333 0.07314814814814814
4 0.7421875 0.8296296296296296 0.096875 0.07222222222222222
