1 0.359375 0.000925925925925926 0.30520833333333336 0.5
2 0.6276041666666666 0.46574074074074073 0.04739583333333333 0.1425925925925926
2 0.35052083333333334 0.000925925925925926 0.0484375 0.14814814814814814
2 0.4234375 0.4759259259259259 0.0484375 0.3212962962962963
2 0.6125 0.000925925925925926 0.044270833333333336 0.12962962962962962
11 0.5072916666666667 0.000925925925925926 0.043229166666666666 0.07222222222222222
4 0.5526041666666667 0.17962962962962964 0.12083333333333333 0.11388888888888889
4 0.8052083333333333 0.14537037037037037 0.11822916666666666 0.10185185185185185
4 0.12760416666666666 0.2 0.10833333333333334 0.09259259259259259
4 0.18489583333333334 0.7657407407407407 0.10052083333333334 0.0824074074074074
4 0.390625 0.5898148148148148 0.09895833333333333 0.07777777777777778
4 0.6135416666666667 0.7842592592592592 0.1234375 0.1037037037037037
4 0.8166666666666667 0.5990740740740741 0.11979166666666667 0.08703703703703704
