1 0.39895833333333336 0.13333333333333333 0.27708333333333335 0.5101851851851852
2 0.4010416666666667 0.13055555555555556 0.04739583333333333 0.14907407407407408
2 0.6354166666666666 0.14537037037037037 0.04739583333333333 0.16018518518518518
2 0.390625 0.5898148148148148 0.04479166666666667 0.14074074074074075
11 0.4953125 0.1259259259259259 0.0484375 0.11388888888888889
7 0.46770833333333334 0.000925925925925926 0.1 0.125
2 0.5708333333333333 0.6027777777777777 0.04635416666666667 0.3111111111111111
4 0.7447916666666666 0.8481481481481481 0.10572916666666667 0.07222222222222222
4 0.5604166666666667 0.6722222222222223 0.10104166666666667 0.07037037037037037
4 0.8140625 0.30925925925925923 0.103125 0.08981481481481482
4 0.5885416666666666 0.3 0.09375 0.06944444444444445
4 0.37395833333333334 0.3416666666666667 0.12239583333333333 0.09259259259259259
4 0.15260416666666668 0.3074074074074074 0.11979166666666667 0.0824074074074074
4 0.1171875 0.7240740740740741 0.12135416666666667 0.09259259259259259
4 0.28958333333333336 0.912962962962963 0.12447916666666667 0.08703703703703704
