1 0.3255208333333333 0.022222222222222223 0.2953125 0.55
2 0.33125 0.028703703703703703 0.0515625 0.175
2 0.5786458333333333 0.5314814814814814 0.05 0.14444444444444443
2 0.3958333333333333 0.5333333333333333 0.05 0.33611111111111114
2 0.5578125 0.024074074074074074 0.0515625 0.1638888888888889
11 0.46979166666666666 0.013888888888888888 0.04895833333333333 0.10648148148148148
4 0.32447916666666665 0.20277777777777778 0.1078125 0.07685185185185185
4 0.0796875 0.21203703703703702 0.11979166666666667 0.08611111111111111
4 0.12239583333333333 0.8064814814814815 0.11354166666666667 0.08148148148148149
4 0.3182291666666667 0.6240740740740741 0.1078125 0.07222222222222222
4 0.5979166666666667 0.8675925925925926 0.1328125 0.09907407407407408
4 0.775 0.6685185185185185 0.1265625 0.0962962962962963
4 0.5473958333333333 0.23703703703703705 0.13020833333333334 0.12037037037037036
4 0.7697916666666667 0.2101851851851852 0.13125 0.11296296296296296
