1 0.41041666666666665 0.027777777777777776 0.3104166666666667 0.537962962962963
2 0.684375 0.08425925925925926 0.04739583333333333 0.1648148148148148
2 0.3984375 0.5046296296296297 0.044270833333333336 0.13796296296296295
2 0.6119791666666666 0.5657407407407408 0.0453125 0.28703703703703703
2 0.4114583333333333 0.019444444444444445 0.04791666666666667 0.1574074074074074
11 0.5260416666666666 0.046296296296296294 0.0484375 0.10925925925925926
4 0.17447916666666666 0.23055555555555557 0.11458333333333333 0.1
4 0.44947916666666665 0.30648148148148147 0.11614583333333334 0.10740740740740741
4 0.8463541666666666 0.2518518518518518 0.09635416666666667 0.09722222222222222
4 0.14739583333333334 0.6537037037037037 0.115625 0.10648148148148148
4 0.36875 0.8712962962962963 0.11197916666666667 0.11388888888888889
4 0.55625 0.5916666666666667 0.0953125 0.06481481481481481
4 0.76875 0.7972222222222223 0.09583333333333334 0.06944444444444445
