1 0.3125 0.04351851851851852 0.253125 0.4361111111111111
2 0.5307291666666667 0.09074074074074075 0.042708333333333334 0.12777777777777777
2 0.3067708333333333 0.06666666666666667 0.0421875 0.13055555555555556
2 0.3223958333333333 0.42407407407407405 0.03333333333333333 0.10833333333333334
11 0.3125 0.000925925925925926 0.04895833333333333 0.08333333333333333
11 0.5171875 0.030555555555555555 0.0453125 0.08611111111111111
2 0.5291666666666667 0.4527777777777778 0.0375 0.11574074074074074
4 0.27239583333333334 0.7555555555555555 0.041666666666666664 0.21296296296296297
4 0.49635416666666665 0.7703703703703704 0.042708333333333334 0.1935185185185185
4 0.565625 0.175 0.0390625 0.125
