1 0.3463541666666667 0.09074074074074075 0.20416666666666666 0.5444444444444444
2 0.33541666666666664 0.1259259259259259 0.05260416666666667 0.175
2 0.346875 0.575 0.0484375 0.18703703703703703
2 0.5052083333333334 0.5638888888888889 0.052083333333333336 0.1648148148148148
2 0.5020833333333333 0.0962962962962963 0.053125 0.16666666666666666
11 0.4270833333333333 0.09259259259259259 0.0515625 0.1287037037037037
4 0.0640625 0.3398148148148148 0.12083333333333333 0.1175925925925926
4 0.24635416666666668 0.3111111111111111 0.11822916666666666 0.09074074074074075
4 0.5286458333333334 0.36203703703703705 0.13177083333333334 0.1111111111111111
4 0.7161458333333334 0.325 0.13020833333333334 0.12777777777777777
4 0.70625 0.7351851851851852 0.13229166666666667 0.10648148148148148
4 0.5630208333333333 0.7694444444444445 0.13125 0.10925925925925926
4 0.078125 0.7333333333333333 0.1203125 0.09259259259259259
7 0.39375 0.000925925925925926 0.11770833333333333 0.09074074074074075
