1 0.21875 0.028703703703703703 0.35520833333333335 0.4962962962962963
2 0.20625 0.03796296296296296 0.049479166666666664 0.16666666666666666
2 0.521875 0.028703703703703703 0.04479166666666667 0.15648148148148147
2 0.5421875 0.5018518518518519 0.042708333333333334 0.14444444444444443
2 0.28177083333333336 0.5157407407407407 0.04635416666666667 0.2824074074074074
11 0.384375 0.010185185185185186 0.0578125 0.12129629629629629
4 0.33489583333333334 0.25092592592592594 0.0859375 0.1111111111111111
4 0.0703125 0.22870370370370371 0.07708333333333334 0.08518518518518518
4 0.13072916666666667 0.7675925925925926 0.0765625 0.08148148148148149
4 0.41041666666666665 0.8138888888888889 0.08697916666666666 0.09907407407407408
4 0.3807291666666667 0.612037037037037 0.0765625 0.08148148148148149
4 0.665625 0.6518518518518519 0.0859375 0.09074074074074075
4 0.6567708333333333 0.22777777777777777 0.08802083333333334 0.11203703703703703
