1 0.2125 0.07314814814814814 0.35572916666666665 0.5314814814814814
2 0.19947916666666668 0.09259259259259259 0.0484375 0.15833333333333333
2 0.5322916666666667 0.5574074074074075 0.04375 0.14351851851851852
2 0.2765625 0.5722222222222222 0.04479166666666667 0.2833333333333333
2 0.5145833333333333 0.0787037037037037 0.04375 0.15833333333333333
7 0.353125 0.000925925925925926 0.10989583333333333 0.075
11 0.378125 0.0712962962962963 0.05416666666666667 0.11018518518518519
4 0.6473958333333333 0.2796296296296296 0.08854166666666667 0.11481481481481481
4 0.6578125 0.7101851851851851 0.08697916666666666 0.09259259259259259
4 0.37395833333333334 0.662962962962963 0.07552083333333333 0.07962962962962963
4 0.4015625 0.8648148148148148 0.0859375 0.1037037037037037
4 0.12239583333333333 0.8212962962962963 0.07447916666666667 0.07777777777777778
4 0.06145833333333333 0.2833333333333333 0.07552083333333333 0.08425925925925926
4 0.3255208333333333 0.30648148148148147 0.0875 0.10925925925925926
