1 0.4114583333333333 0.4583333333333333 0.21145833333333333 0.44814814814814813
2 0.584375 0.5 0.044270833333333336 0.14166666666666666
2 0.4125 0.4777777777777778 0.03229166666666667 0.11481481481481481
2 0.403125 0.8592592592592593 0.041666666666666664 0.11574074074074074
7 0.45416666666666666 0.000925925925925926 0.0890625 0.475
11 0.4822916666666667 0.4638888888888889 0.03697916666666667 0.10092592592592593
4 0.18854166666666666 0.6555555555555556 0.10729166666666666 0.0824074074074074
4 0.3463541666666667 0.7129629629629629 0.11822916666666666 0.08518518518518518
4 0.7453125 0.6527777777777778 0.09322916666666667 0.08611111111111111
4 0.55 0.9305555555555556 0.0859375 0.05925925925925926
