1 0.38333333333333336 0.04351851851851852 0.2328125 0.48148148148148145
2 0.5786458333333333 0.06666666666666667 0.043229166666666666 0.14814814814814814
2 0.5270833333333333 0.5027777777777778 0.04479166666666667 0.26666666666666666
2 0.3734375 0.48333333333333334 0.042708333333333334 0.13055555555555556
4 0.1125 0.612037037037037 0.11041666666666666 0.08611111111111111
4 0.26979166666666665 0.7787037037037037 0.11302083333333333 0.08888888888888889
4 0.7072916666666667 0.7333333333333333 0.103125 0.06851851851851852
4 0.5421875 0.5777777777777777 0.1015625 0.06759259259259259
4 0.14375 0.22407407407407406 0.1140625 0.08518518518518518
4 0.3307291666666667 0.2564814814814815 0.11458333333333333 0.08703703703703704
4 0.7635416666666667 0.23055555555555557 0.10364583333333334 0.08518518518518518
4 0.5640625 0.20925925925925926 0.1 0.0787037037037037
11 0.4713541666666667 0.04259259259259259 0.0265625 0.10925925925925926
