2 0.5046875 0.22037037037037038 0.044270833333333336 0.13796296296296295
2 0.42291666666666666 0.4351851851851852 0.0375 0.10555555555555556
2 0.48072916666666665 0.5648148148148148 0.03958333333333333 0.262037037037037
4 0.17760416666666667 0.24351851851851852 0.11302083333333333 0.07962962962962963
4 0.22239583333333332 0.4287037037037037 0.12447916666666667 0.09537037037037037
4 0.16197916666666667 0.5564814814814815 0.10729166666666666 0.08055555555555556
4 0.196875 0.8472222222222222 0.11145833333333334 0.08981481481481482
4 0.6630208333333333 0.7759259259259259 0.11041666666666666 0.07037037037037037
4 0.5958333333333333 0.4981481481481482 0.096875 0.06481481481481481
4 0.7078125 0.3638888888888889 0.1140625 0.07685185185185185
4 0.6125 0.18333333333333332 0.10052083333333334 0.0787037037037037
