1 0.4125 0.09907407407407408 0.15260416666666668 0.5175925925925926
2 0.5229166666666667 0.5944444444444444 0.049479166666666664 0.13703703703703704
2 0.5265625 0.22314814814814815 0.04739583333333333 0.15092592592592594
2 0.41302083333333334 0.47962962962962963 0.0453125 0.13425925925925927
2 0.40572916666666664 0.10925925925925926 0.0453125 0.14814814814814814
7 0.4359375 0.001851851851851852 0.0984375 0.17222222222222222
4 0.16354166666666667 0.37407407407407406 0.11510416666666666 0.10277777777777777
4 0.2552083333333333 0.49907407407407406 0.1140625 0.12222222222222222
4 0.14583333333333334 0.6833333333333333 0.11145833333333334 0.11851851851851852
4 0.2713541666666667 0.7898148148148149 0.11770833333333333 0.11203703703703703
4 0.7166666666666667 0.6231481481481481 0.10625 0.0712962962962963
4 0.5885416666666666 0.5138888888888888 0.1046875 0.06574074074074074
4 0.6911458333333333 0.3138888888888889 0.1078125 0.07592592592592592
4 0.5947916666666667 0.20185185185185187 0.103125 0.07037037037037037
11 0.471875 0.17407407407407408 0.025 0.07222222222222222
