1 0.30364583333333334 0.000925925925925926 0.2942708333333333 0.5277777777777778
2 0.5598958333333334 0.4962962962962963 0.050520833333333334 0.15648148148148147
2 0.29010416666666666 0.000925925925925926 0.051041666666666666 0.15833333333333333
2 0.5536458333333333 0.000925925925925926 0.046875 0.1527777777777778
2 0.34322916666666664 0.5027777777777778 0.05260416666666667 0.30925925925925923
11 0.44427083333333334 0.000925925925925926 0.053125 0.08981481481481482
4 0.0546875 0.17685185185185184 0.1109375 0.08796296296296297
4 0.09427083333333333 0.7722222222222223 0.10677083333333333 0.08148148148148149
4 0.5291666666666667 0.825925925925926 0.12083333333333333 0.0962962962962963
4 0.7473958333333334 0.6546296296296297 0.11875 0.09166666666666666
4 0.7427083333333333 0.1962962962962963 0.11666666666666667 0.11296296296296296
4 0.484375 0.21388888888888888 0.1171875 0.12037037037037036
4 0.31666666666666665 0.6083333333333333 0.10677083333333333 0.07592592592592592
