2 0.4942708333333333 0.49537037037037035 0.0390625 0.24259259259259258
2 0.49895833333333334 0.1712962962962963 0.041666666666666664 0.12037037037037036
2 0.4583333333333333 0.39351851851851855 0.035416666666666666 0.10462962962962963
7 0.44895833333333335 0.001851851851851852 0.08333333333333333 0.08888888888888889
4 0.22135416666666666 0.20925925925925926 0.10208333333333333 0.07222222222222222
4 0.24114583333333334 0.3527777777777778 0.1140625 0.0824074074074074
4 0.21145833333333333 0.5092592592592593 0.096875 0.07962962962962963
4 0.22447916666666667 0.7564814814814815 0.1109375 0.08796296296296297
4 0.6713541666666667 0.7101851851851851 0.10052083333333334 0.06388888888888888
4 0.6213541666666667 0.4722222222222222 0.096875 0.06574074074074074
4 0.696875 0.3074074074074074 0.1109375 0.08888888888888889
4 0.6322916666666667 0.17037037037037037 0.0984375 0.0787037037037037
