1 0.421875 0.14351851851851852 0.15677083333333333 0.5851851851851851
2 0.5348958333333333 0.5990740740740741 0.050520833333333334 0.1574074074074074
2 0.41770833333333335 0.6064814814814815 0.0515625 0.16296296296296298
2 0.4088541666666667 0.14629629629629629 0.052083333333333336 0.18333333333333332
2 0.5421875 0.15555555555555556 0.04583333333333333 0.16203703703703703
11 0.4817708333333333 0.13703703703703704 0.03958333333333333 0.12962962962962962
4 0.10572916666666667 0.35555555555555557 0.13385416666666666 0.1111111111111111
4 0.24635416666666668 0.3527777777777778 0.13125 0.08888888888888889
4 0.11354166666666667 0.7398148148148148 0.134375 0.09074074074074075
4 0.6604166666666667 0.7583333333333333 0.13802083333333334 0.10185185185185185
4 0.7583333333333333 0.7518518518518519 0.1375 0.09444444444444444
4 0.6255208333333333 0.37222222222222223 0.140625 0.09907407407407408
7 0.4453125 0.000925925925925926 0.11354166666666667 0.1388888888888889
