1 0.3489583333333333 0.041666666666666664 0.30104166666666665 0.5518518518518518
2 0.34010416666666665 0.04351851851851852 0.05260416666666667 0.17314814814814813
2 0.609375 0.5509259259259259 0.05 0.15185185185185185
2 0.39739583333333334 0.5453703703703704 0.049479166666666664 0.3287037037037037
2 0.6005208333333333 0.03611111111111111 0.05 0.1685185185185185
11 0.49270833333333336 0.026851851851851852 0.053125 0.12407407407407407
4 0.7921875 0.2490740740740741 0.11822916666666666 0.1111111111111111
4 0.5354166666666667 0.26944444444444443 0.11875 0.11203703703703703
4 0.1046875 0.23055555555555557 0.11302083333333333 0.09074074074074075
4 0.14322916666666666 0.8212962962962963 0.10833333333333334 0.08333333333333333
4 0.5822916666666667 0.8759259259259259 0.11979166666666667 0.1
4 0.7947916666666667 0.700925925925926 0.121875 0.10185185185185185
4 0.36354166666666665 0.6537037037037037 0.1109375 0.08333333333333333
