1 0.39947916666666666 0.000925925925925926 0.26979166666666665 0.5046296296296297
2 0.3984375 0.47685185185185186 0.046875 0.1425925925925926
2 0.571875 0.49907407407407406 0.04791666666666667 0.2916666666666667
2 0.6317708333333333 0.012962962962962963 0.0453125 0.15925925925925927
2 0.4114583333333333 0.004629629629629629 0.04010416666666667 0.14166666666666666
11 0.5098958333333333 0.000925925925925926 0.028125 0.10648148148148148
4 0.3567708333333333 0.22314814814814815 0.12760416666666666 0.08888888888888889
4 0.15 0.18703703703703703 0.1234375 0.09166666666666666
4 0.11510416666666666 0.6212962962962963 0.11927083333333334 0.09351851851851851
4 0.2890625 0.7972222222222223 0.12239583333333333 0.09722222222222222
4 0.5838541666666667 0.575925925925926 0.11197916666666667 0.07777777777777778
4 0.76875 0.7509259259259259 0.11458333333333333 0.07407407407407407
4 0.8333333333333334 0.19074074074074074 0.11614583333333334 0.09722222222222222
4 0.6072916666666667 0.1685185185185185 0.11041666666666666 0.09444444444444444
