1 0.3489583333333333 0.38796296296296295 0.26145833333333335 0.3712962962962963
2 0.51875 0.7277777777777777 0.030208333333333334 0.2212962962962963
2 0.35104166666666664 0.3814814814814815 0.029166666666666667 0.11944444444444445
2 0.3328125 0.7212962962962963 0.028125 0.10185185185185185
2 0.5807291666666666 0.4064814814814815 0.0296875 0.11388888888888889
7 0.42135416666666664 0.005555555555555556 0.07395833333333333 0.38796296296296295
11 0.43854166666666666 0.3888888888888889 0.04114583333333333 0.0824074074074074
4 0.24375 0.5601851851851852 0.058333333333333334 0.075
4 0.21666666666666667 0.8601851851851852 0.058333333333333334 0.09537037037037037
4 0.4041666666666667 0.774074074074074 0.04479166666666667 0.044444444444444446
4 0.5817708333333333 0.887962962962963 0.04479166666666667 0.05462962962962963
4 0.4921875 0.5851851851851851 0.0515625 0.0824074074074074
4 0.6427083333333333 0.5175925925925926 0.041666666666666664 0.06666666666666667
