2 0.48072916666666665 0.08611111111111111 0.046875 0.16018518518518518
2 0.39895833333333336 0.4009259259259259 0.0375 0.1425925925925926
2 0.46041666666666664 0.5222222222222223 0.04583333333333333 0.30833333333333335
4 0.11666666666666667 0.8092592592592592 0.13854166666666667 0.08796296296296297
4 0.06822916666666666 0.5185185185185185 0.13489583333333333 0.07314814814814814
4 0.14375 0.2796296296296296 0.1484375 0.08796296296296297
4 0.09479166666666666 0.11018518518518519 0.13333333333333333 0.08888888888888889
4 0.6307291666666667 0.12129629629629629 0.1265625 0.0962962962962963
4 0.7291666666666666 0.2759259259259259 0.13645833333333332 0.1175925925925926
4 0.6088541666666667 0.5138888888888888 0.1234375 0.07222222222222222
4 0.6932291666666667 0.8055555555555556 0.1328125 0.07592592592592592
