2 0.5234375 0.1 0.04479166666666667 0.14537037037037037
2 0.49322916666666666 0.49907407407407406 0.042708333333333334 0.25277777777777777
2 0.4359375 0.4064814814814815 0.04114583333333333 0.10925925925925926
11 0.48072916666666665 0.03518518518518519 0.030208333333333334 0.09074074074074075
4 0.18802083333333333 0.16574074074074074 0.1140625 0.08425925925925926
4 0.23489583333333333 0.2916666666666667 0.12760416666666666 0.0824074074074074
4 0.1703125 0.5111111111111111 0.10677083333333333 0.07962962962962963
4 0.20260416666666667 0.7564814814814815 0.11822916666666666 0.09074074074074075
4 0.6854166666666667 0.7407407407407407 0.11197916666666667 0.06388888888888888
4 0.6125 0.4981481481481482 0.10416666666666667 0.07314814814814814
4 0.734375 0.2851851851851852 0.11510416666666666 0.09259259259259259
4 0.6359375 0.17037037037037037 0.0984375 0.08055555555555556
