1 0.38645833333333335 0.005555555555555556 0.15572916666666667 0.5518518518518518
2 0.4979166666666667 0.16666666666666666 0.046875 0.14537037037037037
2 0.475 0.5287037037037037 0.04010416666666667 0.2574074074074074
2 0.38333333333333336 0.38981481481481484 0.03854166666666667 0.12037037037037036
7 0.39479166666666665 0.000925925925925926 0.09375 0.0824074074074074
4 0.121875 0.19444444444444445 0.11875 0.09259259259259259
4 0.21354166666666666 0.38055555555555554 0.12604166666666666 0.08888888888888889
4 0.11666666666666667 0.5157407407407407 0.11354166666666667 0.09074074074074075
4 0.18645833333333334 0.8083333333333333 0.1203125 0.09351851851851851
4 0.6697916666666667 0.7194444444444444 0.109375 0.06018518518518518
4 0.5614583333333333 0.45 0.10625 0.05925925925925926
4 0.709375 0.28888888888888886 0.1125 0.08333333333333333
4 0.575 0.1287037037037037 0.10520833333333333 0.0787037037037037
