1 0.3567708333333333 0.08055555555555556 0.284375 0.7481481481481481
2 0.3458333333333333 0.08055555555555556 0.06875 0.2111111111111111
2 0.36822916666666666 0.575925925925926 0.06770833333333333 0.17407407407407408
2 0.5713541666666667 0.32407407407407407 0.07291666666666667 0.21481481481481482
2 0.5859375 0.8018518518518518 0.07135416666666666 0.18055555555555555
7 0.42135416666666664 0.000925925925925926 0.1546875 0.2712962962962963
4 0.5979166666666667 0.000925925925925926 0.14427083333333332 0.1398148148148148
4 0.8041666666666667 0.23703703703703705 0.14375 0.17592592592592593
4 0.8354166666666667 0.5944444444444444 0.13958333333333334 0.13703703703703704
4 0.021875 0.5944444444444444 0.1609375 0.23333333333333334
