1 0.3796875 0.010185185185185186 0.1625 0.5398148148148149
2 0.49166666666666664 0.5268518518518519 0.05 0.1527777777777778
2 0.4979166666666667 0.12685185185185185 0.05 0.1574074074074074
2 0.3723958333333333 0.028703703703703703 0.04791666666666667 0.1537037037037037
2 0.37916666666666665 0.4305555555555556 0.04739583333333333 0.13518518518518519
7 0.40260416666666665 0.000925925925925926 0.10729166666666666 0.09166666666666666
4 0.20833333333333334 0.412962962962963 0.125 0.13055555555555556
4 0.10208333333333333 0.30462962962962964 0.11927083333333334 0.11388888888888889
4 0.09739583333333333 0.6259259259259259 0.12135416666666667 0.13148148148148148
4 0.2171875 0.7324074074074074 0.11979166666666667 0.12129629629629629
4 0.6979166666666666 0.5592592592592592 0.11510416666666666 0.06388888888888888
4 0.5677083333333334 0.45092592592592595 0.10989583333333333 0.06759259259259259
4 0.6838541666666667 0.21481481481481482 0.11197916666666667 0.08055555555555556
4 0.56875 0.11018518518518519 0.1140625 0.07962962962962963
11 0.43854166666666666 0.09074074074074075 0.0296875 0.0824074074074074
