1 0.48020833333333335 0.10092592592592593 0.1390625 0.4675925925925926
2 0.5807291666666666 0.20833333333333334 0.04635416666666667 0.13425925925925927
2 0.5463541666666667 0.5574074074074075 0.043229166666666666 0.2175925925925926
7 0.49895833333333334 0.000925925925925926 0.08854166666666667 0.14537037037037037
11 0.528125 0.14074074074074075 0.026041666666666668 0.08333333333333333
4 0.7098958333333333 0.712037037037037 0.096875 0.06388888888888888
4 0.628125 0.5009259259259259 0.09010416666666667 0.049074074074074076
4 0.7619791666666667 0.3287037037037037 0.0984375 0.06388888888888888
4 0.6447916666666667 0.20462962962962963 0.0875 0.06666666666666667
4 0.2947916666666667 0.8064814814814815 0.10572916666666667 0.08796296296296297
4 0.2421875 0.5694444444444444 0.09322916666666667 0.07962962962962963
4 0.33697916666666666 0.40555555555555556 0.11510416666666666 0.08333333333333333
4 0.2552083333333333 0.2712962962962963 0.10260416666666666 0.0712962962962963
2 0.47239583333333335 0.4351851851851852 0.0375 0.12037037037037036
