2 0.5822916666666667 0.046296296296296294 0.04895833333333333 0.16574074074074074
2 0.4921875 0.3592592592592593 0.0484375 0.13333333333333333
2 0.5510416666666667 0.4759259259259259 0.04739583333333333 0.29907407407407405
4 0.21770833333333334 0.12777777777777777 0.13229166666666667 0.08981481481481482
4 0.25885416666666666 0.28888888888888886 0.14270833333333333 0.10740740740740741
4 0.19322916666666667 0.5055555555555555 0.12083333333333333 0.08981481481481482
4 0.22604166666666667 0.7935185185185185 0.13541666666666666 0.10185185185185185
4 0.7708333333333334 0.7287037037037037 0.13072916666666667 0.08518518518518518
4 0.6916666666666667 0.4537037037037037 0.1234375 0.07314814814814814
4 0.8223958333333333 0.22314814814814815 0.134375 0.11018518518518519
4 0.721875 0.07777777777777778 0.11822916666666666 0.08888888888888889
