1 0.4265625 0.000925925925925926 0.14791666666666667 0.47685185185185186
2 0.42864583333333334 0.35648148148148145 0.050520833333333334 0.14351851851851852
2 0.5421875 0.4638888888888889 0.0515625 0.14629629629629629
2 0.5296875 0.05 0.0546875 0.16111111111111112
2 0.4171875 0.000925925925925926 0.0453125 0.10185185185185185
11 0.4817708333333333 0.001851851851851852 0.0390625 0.08796296296296297
4 0.2604166666666667 0.6685185185185185 0.125 0.11481481481481481
4 0.1359375 0.5555555555555556 0.12083333333333333 0.1287037037037037
4 0.23697916666666666 0.3425925925925926 0.13125 0.13425925925925927
4 0.14010416666666667 0.22962962962962963 0.1296875 0.10555555555555556
4 0.7546875 0.5148148148148148 0.11614583333333334 0.06944444444444445
4 0.6270833333333333 0.4 0.11822916666666666 0.08888888888888889
4 0.7213541666666666 0.1638888888888889 0.12604166666666666 0.09166666666666666
4 0.6213541666666667 0.06481481481481481 0.11875 0.0962962962962963
