2 0.44427083333333334 0.1537037037037037 0.0421875 0.1388888888888889
2 0.4161458333333333 0.5212962962962963 0.04375 0.25
2 0.35833333333333334 0.4351851851851852 0.030729166666666665 0.10648148148148148
4 0.14010416666666667 0.7703703703703704 0.11510416666666666 0.08055555555555556
4 0.10104166666666667 0.537962962962963 0.10364583333333334 0.07314814814814814
4 0.17291666666666666 0.3388888888888889 0.11770833333333333 0.08055555555555556
4 0.11354166666666667 0.21574074074074073 0.10885416666666667 0.06574074074074074
4 0.5927083333333333 0.7175925925925926 0.10625 0.05185185185185185
4 0.51875 0.4981481481481482 0.096875 0.05277777777777778
4 0.6380208333333334 0.29444444444444445 0.10729166666666666 0.07592592592592592
4 0.5364583333333334 0.17314814814814813 0.09895833333333333 0.07592592592592592
7 0.36770833333333336 0.000925925925925926 0.0875 0.10185185185185185
