1 0.3723958333333333 0.027777777777777776 0.14635416666666667 0.5064814814814815
2 0.48385416666666664 0.5212962962962963 0.04895833333333333 0.15
2 0.37604166666666666 0.42407407407407405 0.04791666666666667 0.13055555555555556
2 0.3609375 0.041666666666666664 0.04791666666666667 0.15092592592592594
2 0.48489583333333336 0.1425925925925926 0.04739583333333333 0.15092592592592594
7 0.39375 0.000925925925925926 0.103125 0.1111111111111111
11 0.4359375 0.1 0.019270833333333334 0.07685185185185185
4 0.096875 0.29074074074074074 0.12395833333333334 0.0962962962962963
4 0.20052083333333334 0.3962962962962963 0.12135416666666667 0.12129629629629629
4 0.09322916666666667 0.6046296296296296 0.1203125 0.11666666666666667
4 0.21354166666666666 0.712037037037037 0.1234375 0.11851851851851852
4 0.6880208333333333 0.55 0.10989583333333333 0.06759259259259259
4 0.5588541666666667 0.44166666666666665 0.10885416666666667 0.07037037037037037
4 0.6697916666666667 0.21851851851851853 0.11354166666666667 0.08518518518518518
4 0.5588541666666667 0.1287037037037037 0.10885416666666667 0.07037037037037037
