2 0.5166666666666667 0.06018518518518518 0.046875 0.15092592592592594
2 0.49583333333333335 0.4777777777777778 0.04375 0.24814814814814815
2 0.4234375 0.3638888888888889 0.0421875 0.11851851851851852
11 0.46510416666666665 0.000925925925925926 0.030729166666666665 0.08148148148148149
4 0.6947916666666667 0.6787037037037037 0.11666666666666667 0.0712962962962963
4 0.6109375 0.44074074074074077 0.10729166666666666 0.07037037037037037
4 0.7291666666666666 0.21388888888888888 0.11979166666666667 0.10185185185185185
4 0.6182291666666667 0.08981481481481482 0.11145833333333334 0.08333333333333333
4 0.20052083333333334 0.7546296296296297 0.12239583333333333 0.08981481481481482
4 0.15104166666666666 0.4935185185185185 0.1078125 0.09166666666666666
4 0.2296875 0.2796296296296296 0.12916666666666668 0.09814814814814815
4 0.1609375 0.14537037037037037 0.12239583333333333 0.08425925925925926
