2 0.46875 0.14629629629629629 0.044270833333333336 0.1398148148148148
2 0.44375 0.5203703703703704 0.04010416666666667 0.26666666666666666
2 0.40729166666666666 0.4148148148148148 0.034895833333333334 0.12129629629629629
4 0.15625 0.18888888888888888 0.11510416666666666 0.08703703703703704
4 0.18072916666666666 0.3416666666666667 0.128125 0.07407407407407407
4 0.1328125 0.5333333333333333 0.11145833333333334 0.07685185185185185
4 0.14947916666666666 0.7861111111111111 0.11979166666666667 0.08703703703703704
4 0.634375 0.7583333333333333 0.11302083333333333 0.07592592592592592
4 0.5838541666666667 0.5092592592592593 0.10364583333333334 0.07314814814814814
4 0.6838541666666667 0.32314814814814813 0.115625 0.08518518518518518
4 0.6088541666666667 0.17592592592592593 0.10416666666666667 0.08611111111111111
