1 0.38229166666666664 0.08425925925925926 0.28802083333333334 0.6833333333333333
2 0.6145833333333334 0.3490740740740741 0.0640625 0.17592592592592593
2 0.35885416666666664 0.08888888888888889 0.0671875 0.18981481481481483
2 0.3828125 0.487962962962963 0.0703125 0.16111111111111112
2 0.6140625 0.7287037037037037 0.06614583333333333 0.16296296296296298
7 0.4421875 0.000925925925925926 0.15260416666666668 0.3101851851851852
4 0.06822916666666666 0.6203703703703703 0.14322916666666666 0.25462962962962965
4 0.5921875 0.11481481481481481 0.1265625 0.19814814814814816
4 0.8208333333333333 0.07037037037037037 0.13072916666666667 0.19907407407407407
4 0.8354166666666667 0.3398148148148148 0.13229166666666667 0.18703703703703703
