1 0.42135416666666664 0.4722222222222222 0.25625 0.4148148148148148
2 0.6427083333333333 0.5018518518518519 0.03854166666666667 0.13703703703703704
2 0.4234375 0.47685185185185186 0.03958333333333333 0.12222222222222222
2 0.40677083333333336 0.8444444444444444 0.03854166666666667 0.11851851851851852
7 0.4901041666666667 0.000925925925925926 0.08802083333333334 0.48333333333333334
11 0.51875 0.47685185185185186 0.025520833333333333 0.09166666666666666
4 0.24635416666666668 0.6425925925925926 0.0875 0.0712962962962963
4 0.46510416666666665 0.6805555555555556 0.09114583333333333 0.0824074074074074
4 0.7619791666666667 0.6296296296296297 0.06979166666666667 0.06388888888888888
4 0.5260416666666666 0.899074074074074 0.071875 0.05648148148148148
