1 0.45729166666666665 0.001851851851851852 0.15260416666666668 0.5509259259259259
2 0.5619791666666667 0.12777777777777777 0.05260416666666667 0.15462962962962962
2 0.5260416666666666 0.5212962962962963 0.04739583333333333 0.28425925925925927
2 0.45 0.39166666666666666 0.041666666666666664 0.12129629629629629
11 0.50625 0.03425925925925926 0.028125 0.08055555555555556
4 0.184375 0.17407407407407408 0.12239583333333333 0.08425925925925926
4 0.25885416666666666 0.35833333333333334 0.14114583333333333 0.09907407407407408
4 0.17083333333333334 0.524074074074074 0.11458333333333333 0.09537037037037037
4 0.22395833333333334 0.8268518518518518 0.1296875 0.10277777777777777
4 0.7276041666666667 0.7157407407407408 0.11770833333333333 0.06666666666666667
4 0.6317708333333333 0.4351851851851852 0.1046875 0.06296296296296296
4 0.78125 0.25 0.12239583333333333 0.08888888888888889
4 0.6505208333333333 0.0962962962962963 0.11458333333333333 0.07592592592592592
