1 0.37395833333333334 0.000925925925925926 0.1828125 0.5879629629629629
2 0.5098958333333333 0.5592592592592592 0.05572916666666667 0.1537037037037037
2 0.5114583333333333 0.10833333333333334 0.05260416666666667 0.1685185185185185
2 0.3651041666666667 0.01574074074074074 0.05260416666666667 0.1638888888888889
2 0.37552083333333336 0.4537037037037037 0.053125 0.1527777777777778
11 0.4432291666666667 0.058333333333333334 0.030729166666666665 0.09537037037037037
4 0.7364583333333333 0.5944444444444444 0.12760416666666666 0.07777777777777778
4 0.590625 0.49907407407407406 0.11927083333333334 0.07592592592592592
4 0.709375 0.21481481481481482 0.13072916666666667 0.0962962962962963
4 0.5838541666666667 0.11944444444444445 0.12604166666666666 0.0787037037037037
4 0.20677083333333332 0.799074074074074 0.1359375 0.12222222222222222
4 0.0625 0.6944444444444444 0.13072916666666667 0.14074074074074075
4 0.19791666666666666 0.43425925925925923 0.13958333333333334 0.14444444444444443
4 0.0734375 0.32407407407407407 0.13802083333333334 0.12129629629629629
