2 0.4473958333333333 0.075 0.04791666666666667 0.15
2 0.4296875 0.475 0.04479166666666667 0.2462962962962963
2 0.3953125 0.3611111111111111 0.04114583333333333 0.12314814814814815
11 0.4270833333333333 0.020370370370370372 0.0265625 0.08425925925925926
4 0.1453125 0.7361111111111112 0.11979166666666667 0.09259259259259259
4 0.6171875 0.6898148148148148 0.11770833333333333 0.06481481481481481
4 0.5729166666666666 0.45740740740740743 0.10260416666666666 0.06018518518518518
4 0.6588541666666666 0.23055555555555557 0.1171875 0.08703703703703704
4 0.5875 0.125 0.1078125 0.07962962962962963
4 0.13072916666666667 0.49907407407407406 0.11041666666666666 0.08333333333333333
4 0.16822916666666668 0.28425925925925927 0.1265625 0.0962962962962963
4 0.15104166666666666 0.16574074074074074 0.11510416666666666 0.08148148148148149
