2 0.5203125 0.5462962962962963 0.0421875 0.23796296296296296
2 0.5395833333333333 0.17962962962962964 0.04583333333333333 0.14629629629629629
2 0.4671875 0.4388888888888889 0.0359375 0.09814814814814815
7 0.4671875 0.000925925925925926 0.09427083333333333 0.11481481481481481
4 0.2375 0.23148148148148148 0.10885416666666667 0.07037037037037037
4 0.25833333333333336 0.375 0.13125 0.0824074074074074
4 0.22760416666666666 0.5425925925925926 0.096875 0.0712962962962963
4 0.24791666666666667 0.7916666666666666 0.11510416666666666 0.08796296296296297
4 0.7026041666666667 0.7388888888888889 0.096875 0.06296296296296296
4 0.621875 0.5027777777777778 0.08802083333333334 0.05740740740740741
4 0.7473958333333334 0.3287037037037037 0.1078125 0.08981481481481482
4 0.6390625 0.20833333333333334 0.08958333333333333 0.0787037037037037
