1 0.3614583333333333 0.03981481481481482 0.3411458333333333 0.7657407407407407
2 0.38333333333333336 0.5731481481481482 0.06510416666666667 0.18796296296296297
2 0.35885416666666664 0.05462962962962963 0.07135416666666666 0.21666666666666667
2 0.6447916666666667 0.75 0.0703125 0.18888888888888888
2 0.6458333333333334 0.24537037037037038 0.06927083333333334 0.21481481481481482
7 0.45677083333333335 0.000925925925925926 0.16145833333333334 0.21944444444444444
4 0.84375 0.15 0.13645833333333332 0.16666666666666666
4 0.8635416666666667 0.5175925925925926 0.128125 0.14444444444444443
4 0.06770833333333333 0.6018518518518519 0.1515625 0.24444444444444444
4 0.36875 0.8157407407407408 0.115625 0.18425925925925926
11 0.5203125 0.20555555555555555 0.034895833333333334 0.08148148148148149
