1 0.4197916666666667 0.027777777777777776 0.1734375 0.5324074074074074
2 0.5479166666666667 0.1259259259259259 0.05 0.16666666666666666
2 0.5520833333333334 0.5398148148148149 0.04635416666666667 0.15092592592592594
2 0.42239583333333336 0.4444444444444444 0.046875 0.14444444444444443
2 0.415625 0.037037037037037035 0.05 0.15185185185185185
7 0.4546875 0.000925925925925926 0.10520833333333333 0.0962962962962963
11 0.490625 0.09537037037037037 0.03229166666666667 0.08055555555555556
4 0.14739583333333334 0.30648148148148147 0.12708333333333333 0.10833333333333334
4 0.2713541666666667 0.4101851851851852 0.1203125 0.13240740740740742
4 0.14010416666666667 0.6453703703703704 0.12083333333333333 0.13425925925925927
4 0.2765625 0.7453703703703703 0.12760416666666666 0.12407407407407407
4 0.7635416666666667 0.5888888888888889 0.10572916666666667 0.06296296296296296
4 0.6083333333333333 0.48333333333333334 0.1171875 0.0787037037037037
4 0.7411458333333333 0.23148148148148148 0.1140625 0.0824074074074074
4 0.6125 0.1388888888888889 0.11458333333333333 0.0824074074074074
