1 0.4265625 0.4935185185185185 0.31197916666666664 0.43703703703703706
2 0.7067708333333333 0.525 0.04010416666666667 0.14814814814814814
2 0.421875 0.48703703703703705 0.04375 0.13518518518518519
2 0.4010416666666667 0.887962962962963 0.0453125 0.11203703703703703
7 0.5145833333333333 0.000925925925925926 0.0890625 0.5018518518518519
11 0.5338541666666666 0.4935185185185185 0.0484375 0.09444444444444444
4 0.2833333333333333 0.7212962962962963 0.07552083333333333 0.09259259259259259
4 0.7958333333333333 0.6398148148148148 0.050520833333333334 0.06574074074074074
4 0.5848958333333333 0.7675925925925926 0.065625 0.10555555555555556
4 0.5041666666666667 0.9361111111111111 0.059895833333333336 0.053703703703703705
