1 0.41041666666666665 0.062037037037037036 0.17447916666666666 0.5425925925925926
2 0.39895833333333336 0.07314814814814814 0.05 0.15925925925925927
2 0.5411458333333333 0.1537037037037037 0.050520833333333334 0.16203703703703703
2 0.5463541666666667 0.5740740740740741 0.05 0.15092592592592594
2 0.41458333333333336 0.48703703703703705 0.04791666666666667 0.14351851851851852
7 0.43854166666666666 0.002777777777777778 0.11145833333333334 0.11944444444444445
11 0.478125 0.12129629629629629 0.03333333333333333 0.08796296296296297
4 0.11875 0.33055555555555555 0.13125 0.11666666666666667
4 0.24635416666666668 0.43148148148148147 0.13020833333333334 0.13518518518518519
4 0.11666666666666667 0.6805555555555556 0.12395833333333334 0.13518518518518519
4 0.2604166666666667 0.774074074074074 0.12864583333333332 0.12685185185185185
4 0.7557291666666667 0.6388888888888888 0.1171875 0.08425925925925926
4 0.6109375 0.55 0.11041666666666666 0.07685185185185185
4 0.7307291666666667 0.287962962962963 0.11822916666666666 0.08333333333333333
4 0.6046875 0.19814814814814816 0.115625 0.09074074074074075
