1 0.4125 0.4148148148148148 0.22083333333333333 0.37777777777777777
2 0.4114583333333333 0.4185185185185185 0.030729166666666665 0.11296296296296296
2 0.5557291666666667 0.7712962962962963 0.035416666666666666 0.22870370370370371
2 0.4041666666666667 0.7555555555555555 0.030729166666666665 0.11481481481481481
2 0.6072916666666667 0.43796296296296294 0.030729166666666665 0.125
7 0.46875 0.000925925925925926 0.07239583333333334 0.42777777777777776
11 0.4901041666666667 0.41944444444444445 0.027083333333333334 0.0787037037037037
4 0.24791666666666667 0.5685185185185185 0.07916666666666666 0.07037037037037037
4 0.22604166666666667 0.8851851851851852 0.07760416666666667 0.07314814814814814
4 0.71875 0.562037037037037 0.0671875 0.0712962962962963
4 0.5135416666666667 0.8277777777777777 0.059375 0.04814814814814815
4 0.6677083333333333 0.9555555555555556 0.06614583333333333 0.044444444444444446
