2 0.5354166666666667 0.1648148148148148 0.046875 0.14629629629629629
2 0.5197916666666667 0.5546296296296296 0.04635416666666667 0.25925925925925924
7 0.45989583333333334 0.000925925925925926 0.09270833333333334 0.07962962962962963
4 0.22083333333333333 0.8333333333333334 0.12239583333333333 0.09444444444444444
4 0.18333333333333332 0.5435185185185185 0.1125 0.08888888888888889
4 0.22916666666666666 0.37222222222222223 0.14114583333333333 0.09166666666666666
4 0.18489583333333334 0.20185185185185187 0.11979166666666667 0.08981481481481482
4 0.6536458333333334 0.16944444444444445 0.11302083333333333 0.07314814814814814
4 0.7526041666666666 0.31666666666666665 0.11875 0.0962962962962963
4 0.6432291666666666 0.5018518518518519 0.10572916666666667 0.06388888888888888
4 0.725 0.7694444444444445 0.11510416666666666 0.075
2 0.4666666666666667 0.4101851851851852 0.03229166666666667 0.1361111111111111
