2 0.5364583333333334 0.12037037037037036 0.04791666666666667 0.14722222222222223
2 0.4244791666666667 0.41944444444444445 0.043229166666666666 0.11388888888888889
2 0.509375 0.5194444444444445 0.043229166666666666 0.24814814814814815
4 0.6140625 0.49166666666666664 0.10833333333333334 0.062037037037037036
4 0.7052083333333333 0.7222222222222222 0.11197916666666667 0.06944444444444445
4 0.7489583333333333 0.2657407407407407 0.11354166666666667 0.08055555555555556
4 0.628125 0.14166666666666666 0.109375 0.0787037037037037
4 0.22291666666666668 0.7805555555555556 0.1203125 0.09444444444444444
4 0.15625 0.5425925925925926 0.109375 0.08055555555555556
4 0.26510416666666664 0.3194444444444444 0.12447916666666667 0.08981481481481482
4 0.171875 0.18888888888888888 0.12135416666666667 0.0824074074074074
