4 0.6421875 0.6898148148148148 0.10677083333333333 0.06388888888888888
4 0.5651041666666666 0.4601851851851852 0.09635416666666667 0.058333333333333334
4 0.6817708333333333 0.2657407407407407 0.11145833333333334 0.08148148148148149
4 0.5723958333333333 0.14074074074074075 0.1015625 0.07777777777777778
4 0.15 0.1962962962962963 0.1109375 0.07777777777777778
4 0.21458333333333332 0.3351851851851852 0.12291666666666666 0.09259259259259259
4 0.1375 0.5166666666666667 0.103125 0.09074074074074075
4 0.18697916666666667 0.7648148148148148 0.11666666666666667 0.1037037037037037
2 0.46197916666666666 0.4787037037037037 0.04114583333333333 0.262037037037037
2 0.39166666666666666 0.3907407407407407 0.03854166666666667 0.10740740740740741
2 0.48125 0.11388888888888889 0.042708333333333334 0.14907407407407408
1 0.39479166666666665 0.001851851851851852 0.12135416666666667 0.4842592592592593
