1 0.42916666666666664 0.000925925925925926 0.1234375 0.549074074074074
2 0.515625 0.11388888888888889 0.043229166666666666 0.16018518518518518
2 0.4973958333333333 0.5148148148148148 0.04791666666666667 0.2824074074074074
2 0.4328125 0.41203703703703703 0.0390625 0.13055555555555556
4 0.7026041666666667 0.7333333333333333 0.121875 0.06759259259259259
4 0.6213541666666667 0.487962962962963 0.11041666666666666 0.06666666666666667
4 0.7322916666666667 0.26666666666666666 0.12239583333333333 0.08148148148148149
4 0.6333333333333333 0.13518518518518519 0.1140625 0.07777777777777778
4 0.15885416666666666 0.1675925925925926 0.12083333333333333 0.08055555555555556
4 0.21458333333333332 0.3101851851851852 0.13385416666666666 0.08981481481481482
4 0.14427083333333332 0.5314814814814814 0.11770833333333333 0.07592592592592592
4 0.19739583333333333 0.7888888888888889 0.12760416666666666 0.08333333333333333
