1 0.4609375 0.27685185185185185 0.1390625 0.42777777777777776
11 0.45364583333333336 0.19074074074074074 0.03697916666666667 0.11574074074074074
7 0.3984375 0.000925925925925926 0.10208333333333333 0.23796296296296296
7 0.55625 0.000925925925925926 0.16458333333333333 0.3416666666666667
2 0.565625 0.35462962962962963 0.040625 0.11851851851851852
2 0.5614583333333333 0.6777777777777778 0.04010416666666667 0.10740740740740741
2 0.4588541666666667 0.6175925925925926 0.03802083333333333 0.09907407407407408
2 0.45677083333333335 0.29259259259259257 0.033854166666666664 0.11203703703703703
4 0.253125 0.47962962962962963 0.09583333333333334 0.08518518518518518
4 0.35052083333333334 0.55 0.09479166666666666 0.09907407407407408
4 0.23697916666666666 0.7472222222222222 0.09322916666666667 0.09166666666666666
4 0.35520833333333335 0.8166666666666667 0.0953125 0.08611111111111111
4 0.5994791666666667 0.6166666666666667 0.08958333333333333 0.05925925925925926
4 0.7192708333333333 0.6787037037037037 0.08854166666666667 0.058333333333333334
4 0.7057291666666666 0.4101851851851852 0.09270833333333334 0.0712962962962963
4 0.60625 0.34629629629629627 0.08854166666666667 0.06018518518518518
