4 0.09010416666666667 0.3611111111111111 0.13854166666666667 0.1111111111111111
4 0.18072916666666666 0.49074074074074076 0.14375 0.14074074074074075
4 0.06822916666666666 0.7027777777777777 0.13541666666666666 0.14166666666666666
4 0.184375 0.837037037037037 0.14166666666666666 0.12129629629629629
4 0.7442708333333333 0.6657407407407407 0.128125 0.08055555555555556
4 0.6177083333333333 0.5370370370370371 0.13072916666666667 0.08055555555555556
4 0.721875 0.30462962962962964 0.134375 0.08796296296296297
4 0.6203125 0.18518518518518517 0.12760416666666666 0.08333333333333333
2 0.5083333333333333 0.18055555555555555 0.052083333333333336 0.17222222222222222
2 0.5072916666666667 0.612037037037037 0.0515625 0.15648148148148147
2 0.4 0.48333333333333334 0.050520833333333334 0.1527777777777778
2 0.3953125 0.05462962962962963 0.0453125 0.1685185185185185
1 0.39791666666666664 0.058333333333333334 0.15104166666666666 0.587037037037037
7 0.41510416666666666 0.000925925925925926 0.11666666666666667 0.13055555555555556
