1 0.45416666666666666 0.04814814814814815 0.11145833333333334 0.43333333333333335
2 0.5354166666666667 0.14537037037037037 0.035416666666666666 0.125
2 0.521875 0.45925925925925926 0.0328125 0.22685185185185186
2 0.4510416666666667 0.3824074074074074 0.033854166666666664 0.10185185185185185
7 0.4609375 0.000925925925925926 0.07604166666666666 0.09814814814814815
4 0.6067708333333334 0.15925925925925927 0.090625 0.062037037037037036
4 0.7041666666666667 0.2611111111111111 0.0953125 0.075
4 0.6 0.4398148148148148 0.08802083333333334 0.05277777777777778
4 0.6765625 0.6361111111111111 0.0953125 0.053703703703703705
4 0.2760416666666667 0.7046296296296296 0.09583333333333334 0.075
4 0.22604166666666667 0.5009259259259259 0.09166666666666666 0.07685185185185185
4 0.3 0.3416666666666667 0.10208333333333333 0.07407407407407407
4 0.23854166666666668 0.22685185185185186 0.09427083333333333 0.06481481481481481
