7 0.534375 0.000925925925925926 0.078125 0.35
11 0.5578125 0.3435185185185185 0.03177083333333333 0.0824074074074074
1 0.48333333333333334 0.34444444444444444 0.21770833333333334 0.3824074074074074
4 0.48489583333333336 0.549074074074074 0.0859375 0.07592592592592592
4 0.30364583333333334 0.5203703703703704 0.08385416666666666 0.06851851851851852
4 0.28072916666666664 0.8231481481481482 0.084375 0.08055555555555556
4 0.5963541666666666 0.75 0.07395833333333333 0.05555555555555555
4 0.7510416666666667 0.8805555555555555 0.07760416666666667 0.05462962962962963
4 0.7989583333333333 0.4861111111111111 0.07447916666666667 0.06944444444444445
2 0.6723958333333333 0.3574074074074074 0.033854166666666664 0.125
2 0.6260416666666667 0.6981481481481482 0.0359375 0.23796296296296296
2 0.475 0.6907407407407408 0.033854166666666664 0.10925925925925926
2 0.48333333333333334 0.34444444444444444 0.034375 0.11481481481481481
