4 0.18541666666666667 0.262037037037037 0.103125 0.07685185185185185
4 0.28125 0.37592592592592594 0.10729166666666666 0.07685185185185185
4 0.16302083333333334 0.5731481481481482 0.09739583333333333 0.07407407407407407
4 0.23541666666666666 0.7824074074074074 0.10416666666666667 0.0824074074074074
4 0.6557291666666667 0.7268518518518519 0.1 0.05648148148148148
4 0.5630208333333333 0.524074074074074 0.09583333333333334 0.05740740740740741
4 0.6989583333333333 0.3148148148148148 0.1015625 0.07777777777777778
4 0.5838541666666667 0.21203703703703702 0.0953125 0.07314814814814814
2 0.5229166666666667 0.18055555555555555 0.03802083333333333 0.14074074074074075
2 0.4895833333333333 0.5277777777777778 0.0359375 0.24166666666666667
2 0.403125 0.45555555555555555 0.035416666666666666 0.10555555555555556
1 0.4114583333333333 0.09166666666666666 0.14739583333333334 0.45925925925925926
7 0.4354166666666667 0.000925925925925926 0.08333333333333333 0.13425925925925927
