4 0.215625 0.774074074074074 0.10833333333333334 0.09537037037037037
4 0.10989583333333333 0.687962962962963 0.10520833333333333 0.10185185185185185
4 0.21302083333333333 0.4842592592592593 0.109375 0.11481481481481481
4 0.12291666666666666 0.3990740740740741 0.1078125 0.08981481481481482
4 0.515625 0.5740740740740741 0.0984375 0.06296296296296296
4 0.6338541666666667 0.6555555555555556 0.09635416666666667 0.06388888888888888
4 0.621875 0.35648148148148145 0.10052083333333334 0.0712962962962963
4 0.5239583333333333 0.2796296296296296 0.096875 0.0712962962962963
2 0.459375 0.6027777777777777 0.041666666666666664 0.13148148148148148
2 0.3614583333333333 0.5259259259259259 0.03802083333333333 0.12685185185185185
2 0.46145833333333336 0.2462962962962963 0.0390625 0.14537037037037037
2 0.35885416666666664 0.1712962962962963 0.03854166666666667 0.1398148148148148
7 0.3802083333333333 0.000925925925925926 0.09270833333333334 0.21481481481481482
