1 0.37864583333333335 0.000925925925925926 0.27239583333333334 0.7342592592592593
4 0.057291666666666664 0.4777777777777778 0.153125 0.21944444444444444
4 0.26979166666666665 0.7648148148148148 0.15 0.2351851851851852
4 0.8348958333333333 0.4527777777777778 0.13958333333333334 0.13703703703703704
4 0.8135416666666667 0.12314814814814815 0.14270833333333333 0.1787037037037037
4 0.6098958333333333 0.21666666666666667 0.1328125 0.12222222222222222
2 0.375 0.462037037037037 0.06614583333333333 0.17685185185185184
2 0.3697916666666667 0.000925925925925926 0.06458333333333334 0.19166666666666668
2 0.5885416666666666 0.7018518518518518 0.06458333333333334 0.17685185185185184
2 0.5947916666666667 0.23796296296296296 0.065625 0.21851851851851853
7 0.44114583333333335 0.000925925925925926 0.14895833333333333 0.17777777777777778
