4 0.1375 0.20277777777777778 0.11041666666666666 0.07685185185185185
4 0.21302083333333333 0.32314814814814813 0.11875 0.08518518518518518
4 0.11822916666666666 0.5259259259259259 0.1078125 0.08425925925925926
4 0.18177083333333333 0.7546296296296297 0.11197916666666667 0.08611111111111111
4 0.6276041666666666 0.6898148148148148 0.10625 0.06018518518518518
4 0.5427083333333333 0.47129629629629627 0.10208333333333333 0.06111111111111111
4 0.6729166666666667 0.25925925925925924 0.10989583333333333 0.07962962962962963
4 0.5583333333333333 0.14814814814814814 0.10104166666666667 0.07777777777777778
2 0.4515625 0.4925925925925926 0.04114583333333333 0.25
2 0.3776041666666667 0.41388888888888886 0.03697916666666667 0.10648148148148148
2 0.4796875 0.1259259259259259 0.0390625 0.14166666666666666
1 0.38177083333333334 0.024074074074074074 0.13020833333333334 0.487962962962963
