4 0.10052083333333334 0.5055555555555555 0.12864583333333332 0.09444444444444444
4 0.18854166666666666 0.3074074074074074 0.14427083333333332 0.09907407407407408
4 0.11822916666666666 0.12777777777777777 0.13177083333333334 0.09444444444444444
4 0.6286458333333333 0.05740740740740741 0.11979166666666667 0.08333333333333333
4 0.7515625 0.21481481481481482 0.1328125 0.09166666666666666
4 0.6072916666666667 0.43148148148148147 0.11875 0.0712962962962963
4 0.7130208333333333 0.7175925925925926 0.12552083333333333 0.07222222222222222
4 0.16822916666666668 0.8111111111111111 0.13645833333333332 0.10925925925925926
2 0.4942708333333333 0.48148148148148145 0.046875 0.3111111111111111
2 0.4125 0.3537037037037037 0.041666666666666664 0.14166666666666666
2 0.5140625 0.05740740740740741 0.051041666666666666 0.17222222222222222
1 0.41822916666666665 0.000925925925925926 0.14114583333333333 0.5157407407407407
