7 0.4322916666666667 0.000925925925925926 0.0796875 0.5175925925925926
11 0.4552083333333333 0.5120370370370371 0.03802083333333333 0.08518518518518518
2 0.3697916666666667 0.49537037037037035 0.03697916666666667 0.1259259259259259
2 0.5833333333333334 0.5398148148148149 0.036458333333333336 0.13333333333333333
2 0.3609375 0.8490740740740741 0.0359375 0.12685185185185185
4 0.47708333333333336 0.9 0.0765625 0.05462962962962963
4 0.7067708333333333 0.649074074074074 0.075 0.06851851851851852
4 0.196875 0.6833333333333333 0.08645833333333333 0.08148148148148149
4 0.4088541666666667 0.7462962962962963 0.08697916666666666 0.08333333333333333
1 0.3703125 0.49907407407407406 0.2453125 0.41759259259259257
