4 0.0890625 0.23425925925925925 0.13489583333333333 0.09166666666666666
4 0.20208333333333334 0.2796296296296296 0.14895833333333333 0.1037037037037037
4 0.0625 0.6638888888888889 0.13489583333333333 0.09074074074074075
4 0.14895833333333333 0.8916666666666667 0.14375 0.10277777777777777
4 0.7109375 0.8481481481481481 0.128125 0.0824074074074074
4 0.5880208333333333 0.6324074074074074 0.1171875 0.07777777777777778
4 0.6026041666666667 0.2351851851851852 0.11927083333333334 0.08055555555555556
4 0.7661458333333333 0.26481481481481484 0.1328125 0.1037037037037037
2 0.49375 0.5537037037037037 0.04791666666666667 0.33611111111111114
2 0.3848958333333333 0.5194444444444445 0.04583333333333333 0.14907407407407408
2 0.5307291666666667 0.05462962962962963 0.05260416666666667 0.17777777777777778
1 0.3927083333333333 0.032407407407407406 0.18177083333333333 0.5527777777777778
11 0.4515625 0.024074074074074074 0.034895833333333334 0.12407407407407407
