2 0.509375 0.475 0.04375 0.2972222222222222
2 0.41302083333333334 0.38055555555555554 0.0390625 0.13425925925925927
2 0.53125 0.03981481481481482 0.04479166666666667 0.17037037037037037
4 0.23072916666666668 0.2851851851851852 0.1375 0.10462962962962963
4 0.12083333333333333 0.5351851851851852 0.11979166666666667 0.08796296296296297
4 0.13229166666666667 0.15925925925925927 0.12864583333333332 0.08981481481481482
4 0.5984375 0.45555555555555555 0.109375 0.06481481481481481
4 0.7072916666666667 0.7027777777777777 0.11666666666666667 0.06944444444444445
4 0.1921875 0.8064814814814815 0.13333333333333333 0.10925925925925926
4 0.7520833333333333 0.19907407407407407 0.12291666666666666 0.09444444444444444
4 0.6078125 0.08333333333333333 0.1125 0.08518518518518518
1 0.4140625 0.000925925925925926 0.15625 0.5
