2 0.5604166666666667 0.4981481481481482 0.05416666666666667 0.15648148148148147
2 0.5583333333333333 0.062037037037037036 0.05364583333333333 0.17777777777777778
2 0.4171875 0.38333333333333336 0.051041666666666666 0.15092592592592594
4 0.28541666666666665 0.700925925925926 0.12760416666666666 0.13240740740740742
4 0.11875 0.5851851851851851 0.12916666666666668 0.12037037037037036
4 0.2640625 0.35462962962962963 0.13489583333333333 0.1388888888888889
4 0.13125 0.22685185185185186 0.13385416666666666 0.11574074074074074
4 0.7755208333333333 0.5046296296296297 0.11510416666666666 0.07777777777777778
4 0.6067708333333334 0.3861111111111111 0.11458333333333333 0.0787037037037037
4 0.7484375 0.14814814814814814 0.115625 0.09259259259259259
4 0.6109375 0.026851851851851852 0.11666666666666667 0.08611111111111111
1 0.42864583333333334 0.000925925925925926 0.17239583333333333 0.5101851851851852
11 0.49166666666666664 0.01574074074074074 0.0328125 0.09907407407407408
