2 0.39010416666666664 0.4962962962962963 0.033854166666666664 0.2537037037037037
2 0.41354166666666664 0.13148148148148148 0.040625 0.14444444444444443
2 0.3109375 0.38981481481481484 0.035416666666666666 0.12777777777777777
4 0.56875 0.675 0.1046875 0.05925925925925926
4 0.4828125 0.45 0.096875 0.05740740740740741
4 0.6192708333333333 0.24074074074074073 0.10677083333333333 0.07314814814814814
4 0.49947916666666664 0.13055555555555556 0.10208333333333333 0.06759259259259259
4 0.1078125 0.7731481481481481 0.1125 0.08333333333333333
4 0.05416666666666667 0.5277777777777778 0.10677083333333333 0.08055555555555556
4 0.14479166666666668 0.33055555555555555 0.11927083333333334 0.08888888888888889
4 0.06875 0.2074074074074074 0.1109375 0.07685185185185185
