4 0.1421875 0.34814814814814815 0.13541666666666666 0.11203703703703703
4 0.26927083333333335 0.44814814814814813 0.14166666666666666 0.13703703703703704
4 0.13541666666666666 0.7083333333333334 0.13333333333333333 0.12962962962962962
4 0.284375 0.8175925925925925 0.1390625 0.11018518518518519
4 0.8119791666666667 0.6416666666666667 0.1234375 0.08148148148148149
4 0.6494791666666667 0.549074074074074 0.12291666666666666 0.08055555555555556
4 0.7817708333333333 0.2675925925925926 0.12864583333333332 0.0962962962962963
4 0.6494791666666667 0.17777777777777778 0.12135416666666667 0.09444444444444444
1 0.44114583333333335 0.05648148148148148 0.18489583333333334 0.5666666666666667
2 0.5875 0.5944444444444444 0.05260416666666667 0.16018518518518518
2 0.4473958333333333 0.49907407407407406 0.053125 0.16111111111111112
2 0.5833333333333334 0.1398148148148148 0.052083333333333336 0.18518518518518517
2 0.4395833333333333 0.05277777777777778 0.04895833333333333 0.17962962962962964
11 0.5182291666666666 0.09907407407407408 0.035416666666666666 0.1037037037037037
7 0.4765625 0.000925925925925926 0.11354166666666667 0.1037037037037037
