4 0.6588541666666666 0.6481481481481481 0.10208333333333333 0.062037037037037036
4 0.578125 0.4287037037037037 0.090625 0.053703703703703705
4 0.7166666666666667 0.25833333333333336 0.1015625 0.075
4 0.5953125 0.13796296296296295 0.09427083333333333 0.062037037037037036
4 0.2 0.18611111111111112 0.1046875 0.0712962962962963
4 0.275 0.3194444444444444 0.11666666666666667 0.08425925925925926
4 0.18072916666666666 0.4824074074074074 0.10052083333333334 0.07685185185185185
4 0.23958333333333334 0.7212962962962963 0.1109375 0.08518518518518518
2 0.4979166666666667 0.47129629629629627 0.036458333333333336 0.23703703703703705
2 0.421875 0.36944444444444446 0.0375 0.10740740740740741
2 0.5338541666666666 0.1259259259259259 0.042708333333333334 0.1361111111111111
1 0.42864583333333334 0.012037037037037037 0.1453125 0.48333333333333334
