4 0.634375 0.7453703703703703 0.109375 0.07222222222222222
4 0.5552083333333333 0.5092592592592593 0.10364583333333334 0.06018518518518518
4 0.6713541666666667 0.2953703703703704 0.11354166666666667 0.08611111111111111
4 0.5723958333333333 0.1824074074074074 0.1015625 0.07592592592592592
4 0.14947916666666666 0.8 0.1203125 0.07777777777777778
4 0.11354166666666667 0.5435185185185185 0.109375 0.07037037037037037
4 0.16822916666666668 0.33055555555555555 0.12760416666666666 0.08796296296296297
4 0.11979166666666667 0.20092592592592592 0.1171875 0.06851851851851852
2 0.446875 0.5203703703703704 0.03854166666666667 0.2824074074074074
2 0.384375 0.4287037037037037 0.0328125 0.125
2 0.4635416666666667 0.14722222222222223 0.03958333333333333 0.15092592592592594
