4 0.008854166666666666 0.45 0.17604166666666668 0.1648148148148148
4 0.17395833333333333 0.6462962962962963 0.1796875 0.19444444444444445
4 0.6505208333333333 0.5796296296296296 0.16354166666666667 0.09814814814814815
4 0.6755208333333333 0.09907407407407408 0.1609375 0.11666666666666667
4 0.8541666666666666 0.7564814814814815 0.14583333333333334 0.11296296296296296
2 0.5598958333333334 0.762962962962963 0.06510416666666667 0.21203703703703702
2 0.3875 0.5842592592592593 0.06354166666666666 0.19907407407407407
2 0.5848958333333333 0.1962962962962963 0.06822916666666666 0.22685185185185186
2 0.3927083333333333 0.010185185185185186 0.059375 0.22777777777777777
1 0.39895833333333336 0.012962962962962963 0.2390625 0.7583333333333333
11 0.49583333333333335 0.12314814814814815 0.0359375 0.11296296296296296
