2 0.4973958333333333 0.6935185185185185 0.04635416666666667 0.125
2 0.39895833333333336 0.600925925925926 0.043229166666666666 0.1287037037037037
2 0.49583333333333335 0.33055555555555555 0.043229166666666666 0.1398148148148148
2 0.3854166666666667 0.25 0.0421875 0.1398148148148148
4 0.565625 0.3638888888888889 0.09895833333333333 0.06851851851851852
4 0.6619791666666667 0.44166666666666665 0.10416666666666667 0.06944444444444445
4 0.578125 0.6527777777777778 0.0984375 0.06574074074074074
4 0.6880208333333333 0.7425925925925926 0.1 0.06666666666666667
4 0.2552083333333333 0.8351851851851851 0.1109375 0.10740740740740741
4 0.1453125 0.7638888888888888 0.10833333333333334 0.10185185185185185
4 0.24010416666666667 0.5592592592592592 0.10989583333333333 0.11296296296296296
4 0.14166666666666666 0.4787037037037037 0.10833333333333334 0.08703703703703704
7 0.41770833333333335 0.000925925925925926 0.09010416666666667 0.2962962962962963
1 0.38958333333333334 0.25092592592592594 0.14375 0.4462962962962963
