4 0.6666666666666666 0.7481481481481481 0.11822916666666666 0.07222222222222222
4 0.5692708333333333 0.48703703703703705 0.11145833333333334 0.07037037037037037
4 0.7203125 0.28425925925925927 0.11979166666666667 0.09351851851851851
4 0.5979166666666667 0.14444444444444443 0.1046875 0.08518518518518518
4 0.19322916666666667 0.3175925925925926 0.13489583333333333 0.09166666666666666
4 0.10416666666666667 0.5268518518518519 0.11822916666666666 0.07685185185185185
4 0.16354166666666667 0.7962962962962963 0.12552083333333333 0.09166666666666666
4 0.121875 0.16666666666666666 0.12239583333333333 0.06944444444444445
2 0.471875 0.5120370370370371 0.03958333333333333 0.2777777777777778
2 0.3953125 0.387037037037037 0.035416666666666666 0.13148148148148148
2 0.49947916666666664 0.11018518518518519 0.046875 0.15925925925925927
11 0.4453125 0.02962962962962963 0.028645833333333332 0.10092592592592593
