4 0.1921875 0.7138888888888889 0.11666666666666667 0.08611111111111111
4 0.14947916666666666 0.48333333333333334 0.10572916666666667 0.06666666666666667
4 0.20885416666666667 0.2601851851851852 0.12447916666666667 0.08796296296296297
4 0.16197916666666667 0.15 0.11510416666666666 0.08148148148148149
4 0.7005208333333334 0.18333333333333332 0.11666666666666667 0.08518518518518518
4 0.5963541666666666 0.09074074074074075 0.10416666666666667 0.075
4 0.5822916666666667 0.41203703703703703 0.1 0.062037037037037036
4 0.6625 0.6388888888888888 0.1078125 0.062037037037037036
2 0.47604166666666664 0.4287037037037037 0.0390625 0.2675925925925926
2 0.41354166666666664 0.3416666666666667 0.03333333333333333 0.1259259259259259
2 0.490625 0.03796296296296296 0.0421875 0.14722222222222223
