2 0.45989583333333334 0.46944444444444444 0.0375 0.23981481481481481
2 0.45260416666666664 0.3351851851851852 0.024479166666666666 0.10555555555555556
2 0.4609375 0.125 0.03697916666666667 0.1527777777777778
4 0.646875 0.6546296296296297 0.10729166666666666 0.06111111111111111
4 0.615625 0.3925925925925926 0.09166666666666666 0.062037037037037036
4 0.671875 0.26296296296296295 0.11614583333333334 0.07962962962962963
4 0.6265625 0.09259259259259259 0.0984375 0.07962962962962963
4 0.1890625 0.7101851851851851 0.11041666666666666 0.08148148148148149
4 0.2078125 0.4361111111111111 0.09947916666666666 0.0712962962962963
4 0.17447916666666666 0.32314814814814813 0.12760416666666666 0.07777777777777778
4 0.2046875 0.14814814814814814 0.10625 0.06666666666666667
