4 0.5697916666666667 0.6861111111111111 0.0921875 0.05462962962962963
4 0.6192708333333333 0.2722222222222222 0.09895833333333333 0.07037037037037037
4 0.4921875 0.1388888888888889 0.09166666666666666 0.06944444444444445
4 0.47239583333333335 0.45740740740740743 0.09270833333333334 0.05648148148148148
4 0.14739583333333334 0.7870370370370371 0.11302083333333333 0.09074074074074075
4 0.075 0.5314814814814814 0.10625 0.08888888888888889
4 0.18645833333333334 0.3685185185185185 0.11822916666666666 0.08148148148148149
4 0.08958333333333333 0.2175925925925926 0.1109375 0.08333333333333333
2 0.40729166666666666 0.5092592592592593 0.0375 0.2490740740740741
2 0.321875 0.3907407407407407 0.03125 0.125
2 0.43854166666666666 0.16018518518518518 0.0421875 0.1398148148148148
