4 0.73125 0.7342592592592593 0.1140625 0.06481481481481481
4 0.6947916666666667 0.4759259259259259 0.09947916666666666 0.07962962962962963
4 0.771875 0.287962962962963 0.1203125 0.08888888888888889
4 0.7177083333333333 0.16018518518518518 0.09791666666666667 0.0824074074074074
4 0.24739583333333334 0.7537037037037037 0.11770833333333333 0.08055555555555556
4 0.2609375 0.49907407407407406 0.10572916666666667 0.07407407407407407
4 0.25833333333333336 0.3101851851851852 0.13177083333333334 0.07962962962962963
4 0.2760416666666667 0.1787037037037037 0.10833333333333334 0.06851851851851852
2 0.5385416666666667 0.49537037037037035 0.0375 0.2611111111111111
2 0.5229166666666667 0.3925925925925926 0.0359375 0.11574074074074074
2 0.5552083333333333 0.10648148148148148 0.04114583333333333 0.15
