2 0.5229166666666667 0.525 0.053125 0.15833333333333333
2 0.5239583333333333 0.07314814814814814 0.05416666666666667 0.17962962962962964
2 0.3880208333333333 0.4027777777777778 0.053125 0.1527777777777778
2 0.3770833333333333 0.000925925925925926 0.050520833333333334 0.13425925925925927
4 0.0875 0.27870370370370373 0.13541666666666666 0.11851851851851852
4 0.22083333333333333 0.4101851851851852 0.13229166666666667 0.14629629629629629
4 0.07395833333333333 0.6305555555555555 0.13385416666666666 0.15925925925925927
4 0.22291666666666668 0.7666666666666667 0.13802083333333334 0.1398148148148148
4 0.603125 0.05925925925925926 0.12239583333333333 0.0824074074074074
4 0.7338541666666667 0.16666666666666666 0.1296875 0.10648148148148148
4 0.5984375 0.4222222222222222 0.12760416666666666 0.0824074074074074
4 0.7536458333333333 0.5398148148148149 0.12447916666666667 0.09259259259259259
1 0.3984375 0.000925925925925926 0.1671875 0.5370370370370371
11 0.4635416666666667 0.03518518518518519 0.028645833333333332 0.08981481481481482
