4 0.6838541666666667 0.6462962962962963 0.11041666666666666 0.06388888888888888
4 0.6125 0.3972222222222222 0.0984375 0.04814814814814815
4 0.7145833333333333 0.1962962962962963 0.11510416666666666 0.08518518518518518
4 0.6213541666666667 0.07777777777777778 0.10416666666666667 0.06666666666666667
4 0.20677083333333332 0.7074074074074074 0.11822916666666666 0.09907407407407408
4 0.17916666666666667 0.45185185185185184 0.10677083333333333 0.07685185185185185
4 0.20677083333333332 0.2601851851851852 0.13020833333333334 0.09166666666666666
4 0.18177083333333333 0.11666666666666667 0.11822916666666666 0.07777777777777778
2 0.4973958333333333 0.43796296296296294 0.036458333333333336 0.2657407407407407
2 0.4421875 0.3296296296296296 0.03854166666666667 0.12129629629629629
2 0.4979166666666667 0.05185185185185185 0.04739583333333333 0.15648148148148147
