4 0.6703125 0.700925925925926 0.11822916666666666 0.06574074074074074
4 0.6104166666666667 0.4351851851851852 0.1078125 0.058333333333333334
4 0.7140625 0.2361111111111111 0.128125 0.08981481481481482
4 0.6286458333333333 0.07962962962962963 0.1078125 0.08703703703703704
4 0.15677083333333333 0.7537037037037037 0.12864583333333332 0.09351851851851851
4 0.13958333333333334 0.4759259259259259 0.115625 0.08611111111111111
4 0.171875 0.29074074074074074 0.1375 0.09907407407407408
4 0.14895833333333333 0.12777777777777777 0.11979166666666667 0.07962962962962963
2 0.46197916666666666 0.48055555555555557 0.04375 0.28055555555555556
2 0.421875 0.35462962962962963 0.036458333333333336 0.12407407407407407
2 0.4828125 0.08148148148148149 0.04114583333333333 0.15833333333333333
