1 0.42135416666666664 0.049074074074074076 0.17604166666666668 0.47129629629629627
11 0.4973958333333333 0.1 0.028645833333333332 0.07314814814814814
4 0.17395833333333333 0.6194444444444445 0.10208333333333333 0.12222222222222222
4 0.325 0.712037037037037 0.109375 0.0962962962962963
4 0.7395833333333334 0.5092592592592593 0.1078125 0.05740740740740741
4 0.5854166666666667 0.412962962962963 0.10572916666666667 0.07592592592592592
4 0.7276041666666667 0.18333333333333332 0.10520833333333333 0.09537037037037037
4 0.59375 0.10833333333333334 0.09791666666666667 0.075
4 0.3140625 0.41203703703703703 0.11145833333333334 0.12407407407407407
4 0.17395833333333333 0.31666666666666665 0.11510416666666666 0.1
2 0.40989583333333335 0.046296296296296294 0.04635416666666667 0.1527777777777778
2 0.425 0.425 0.040625 0.13796296296296295
2 0.5661458333333333 0.5074074074074074 0.04739583333333333 0.14166666666666666
2 0.5671875 0.13240740740740742 0.04010416666666667 0.15555555555555556
7 0.459375 0.000925925925925926 0.10260416666666666 0.10555555555555556
