2 0.4421875 0.48055555555555557 0.03333333333333333 0.2388888888888889
2 0.4666666666666667 0.14166666666666666 0.03802083333333333 0.13703703703703704
2 0.375 0.37222222222222223 0.03125 0.11666666666666667
4 0.6036458333333333 0.6611111111111111 0.09427083333333333 0.049074074074074076
4 0.5255208333333333 0.44351851851851853 0.08802083333333334 0.05277777777777778
4 0.6416666666666667 0.2712962962962963 0.096875 0.07407407407407407
4 0.5401041666666667 0.15092592592592594 0.09010416666666667 0.06944444444444445
4 0.19322916666666667 0.7416666666666667 0.103125 0.08518518518518518
4 0.14322916666666666 0.5120370370370371 0.09322916666666667 0.07592592592592592
4 0.21666666666666667 0.3453703703703704 0.1140625 0.08425925925925926
4 0.14947916666666666 0.2111111111111111 0.109375 0.07592592592592592
