1 0.40729166666666666 0.40555555555555556 0.2953125 0.4324074074074074
7 0.48802083333333335 0.000925925925925926 0.08177083333333333 0.4212962962962963
11 0.515625 0.4166666666666667 0.030729166666666665 0.08888888888888889
4 0.24427083333333333 0.6129629629629629 0.08385416666666666 0.08703703703703704
4 0.5083333333333333 0.674074074074074 0.07864583333333333 0.08888888888888889
4 0.76875 0.5527777777777778 0.0578125 0.06759259259259259
4 0.50625 0.8175925925925925 0.06614583333333333 0.05092592592592592
2 0.40260416666666665 0.7888888888888889 0.030729166666666665 0.11296296296296296
2 0.6625 0.44074074074074077 0.03958333333333333 0.14537037037037037
2 0.4078125 0.4027777777777778 0.03958333333333333 0.13425925925925927
