2 0.5552083333333333 0.6037037037037037 0.05364583333333333 0.1537037037037037
2 0.5526041666666667 0.20277777777777778 0.0453125 0.15648148148148147
2 0.41354166666666664 0.5083333333333333 0.04739583333333333 0.14722222222222223
2 0.3932291666666667 0.1037037037037037 0.05 0.1648148148148148
4 0.29583333333333334 0.8027777777777778 0.1203125 0.11018518518518519
4 0.27239583333333334 0.47314814814814815 0.1203125 0.13055555555555556
4 0.12864583333333332 0.36574074074074076 0.12239583333333333 0.10833333333333334
4 0.12864583333333332 0.6925925925925925 0.11875 0.1259259259259259
4 0.7598958333333333 0.6296296296296297 0.11041666666666666 0.06759259259259259
4 0.73125 0.2935185185185185 0.11145833333333334 0.08611111111111111
4 0.5911458333333334 0.19537037037037036 0.109375 0.07962962962962963
4 0.5947916666666667 0.525 0.1140625 0.07685185185185185
1 0.4 0.10185185185185185 0.19479166666666667 0.5277777777777778
7 0.44166666666666665 0.000925925925925926 0.10989583333333333 0.17592592592592593
