4 0.5739583333333333 0.45092592592592595 0.08854166666666667 0.053703703703703705
4 0.6677083333333333 0.6574074074074074 0.09322916666666667 0.058333333333333334
4 0.7140625 0.2657407407407407 0.09583333333333334 0.07962962962962963
4 0.25729166666666664 0.7388888888888889 0.10729166666666666 0.08796296296296297
4 0.1828125 0.5175925925925926 0.09739583333333333 0.07777777777777778
4 0.303125 0.3509259259259259 0.10572916666666667 0.075
4 0.21302083333333333 0.21203703703703702 0.09739583333333333 0.06944444444444445
2 0.5026041666666666 0.47962962962962963 0.03958333333333333 0.24259259259259258
2 0.41822916666666665 0.3814814814814815 0.03125 0.12314814814814815
2 0.5427083333333333 0.15092592592592594 0.03854166666666667 0.13148148148148148
1 0.42916666666666664 0.03981481481481482 0.1453125 0.43703703703703706
4 0.5973958333333333 0.15 0.08802083333333334 0.06388888888888888
