2 0.565625 0.5537037037037037 0.050520833333333334 0.14537037037037037
2 0.4322916666666667 0.4666666666666667 0.041666666666666664 0.15
2 0.56875 0.14166666666666666 0.04375 0.1685185185185185
2 0.41510416666666666 0.0712962962962963 0.04635416666666667 0.16203703703703703
4 0.7630208333333334 0.5824074074074074 0.1078125 0.07314814814814814
4 0.6109375 0.5027777777777778 0.1109375 0.06574074074074074
4 0.7421875 0.24259259259259258 0.115625 0.07314814814814814
4 0.615625 0.1675925925925926 0.109375 0.07314814814814814
4 0.3 0.7583333333333333 0.12135416666666667 0.1037037037037037
4 0.159375 0.6648148148148149 0.11354166666666667 0.12685185185185185
4 0.29739583333333336 0.41944444444444445 0.1171875 0.13055555555555556
4 0.16145833333333334 0.3351851851851852 0.11822916666666666 0.11574074074074074
1 0.42239583333333336 0.07037037037037037 0.17916666666666667 0.49444444444444446
7 0.46145833333333336 0.000925925925925926 0.103125 0.1175925925925926
11 0.5010416666666667 0.11574074074074074 0.028645833333333332 0.08981481481481482
