4 0.6520833333333333 0.6435185185185185 0.11875 0.075
4 0.55625 0.3907407407407407 0.10833333333333334 0.05925925925925926
4 0.6875 0.1574074074074074 0.121875 0.08611111111111111
4 0.5635416666666667 0.024074074074074074 0.10260416666666666 0.07962962962962963
4 0.14114583333333333 0.7564814814814815 0.1296875 0.11666666666666667
4 0.08489583333333334 0.4722222222222222 0.115625 0.10277777777777777
4 0.1484375 0.25925925925925924 0.14479166666666668 0.1
4 0.07708333333333334 0.10833333333333334 0.13072916666666667 0.08333333333333333
2 0.4557291666666667 0.4361111111111111 0.0453125 0.28703703703703703
2 0.3692708333333333 0.32314814814814813 0.03854166666666667 0.13518518518518519
2 0.4708333333333333 0.012962962962962963 0.046875 0.16944444444444445
