4 0.7145833333333333 0.6925925925925925 0.11510416666666666 0.06388888888888888
4 0.6333333333333333 0.44351851851851853 0.10833333333333334 0.05925925925925926
4 0.7697916666666667 0.22685185185185186 0.11875 0.07314814814814814
4 0.6619791666666667 0.08703703703703704 0.11041666666666666 0.06944444444444445
4 0.203125 0.1824074074074074 0.11875 0.08888888888888889
4 0.2734375 0.3398148148148148 0.128125 0.08796296296296297
4 0.178125 0.524074074074074 0.1109375 0.08981481481481482
4 0.22760416666666666 0.799074074074074 0.11770833333333333 0.09166666666666666
2 0.5192708333333333 0.5018518518518519 0.040625 0.26944444444444443
2 0.5526041666666667 0.11666666666666667 0.04479166666666667 0.1527777777777778
2 0.44947916666666665 0.3814814814814815 0.0390625 0.1361111111111111
