4 0.7177083333333333 0.7138888888888889 0.11041666666666666 0.0824074074074074
4 0.6776041666666667 0.5027777777777778 0.1 0.07037037037037037
4 0.7411458333333333 0.2722222222222222 0.1171875 0.08888888888888889
4 0.6859375 0.17962962962962964 0.10260416666666666 0.07592592592592592
4 0.24427083333333333 0.7055555555555556 0.11614583333333334 0.0712962962962963
4 0.24375 0.48333333333333334 0.10260416666666666 0.07037037037037037
4 0.2453125 0.24074074074074073 0.12239583333333333 0.07592592592592592
4 0.25104166666666666 0.14814814814814814 0.10833333333333334 0.06944444444444445
2 0.5291666666666667 0.45092592592592595 0.04010416666666667 0.2898148148148148
2 0.5083333333333333 0.38796296296296295 0.033854166666666664 0.12962962962962962
2 0.5328125 0.08981481481481482 0.04010416666666667 0.1537037037037037
