4 0.6401041666666667 0.5435185185185185 0.07395833333333333 0.044444444444444446
4 0.6072916666666667 0.3648148148148148 0.06875 0.04722222222222222
4 0.6671875 0.2777777777777778 0.07864583333333333 0.06018518518518518
4 0.6197916666666666 0.16111111111111112 0.071875 0.05555555555555555
4 0.3375 0.18796296296296297 0.07395833333333333 0.05092592592592592
4 0.340625 0.31574074074074077 0.07916666666666666 0.06481481481481481
4 0.325 0.39537037037037037 0.07083333333333333 0.05185185185185185
4 0.3375 0.5740740740740741 0.07447916666666667 0.05925925925925926
2 0.51875 0.40925925925925927 0.025 0.1685185185185185
2 0.5286458333333334 0.1814814814814815 0.030729166666666665 0.09722222222222222
2 0.49322916666666666 0.31851851851851853 0.025520833333333333 0.0787037037037037
