7 0.49583333333333335 0.000925925925925926 0.0734375 0.44537037037037036
1 0.44114583333333335 0.43703703703703706 0.21614583333333334 0.38425925925925924
4 0.27447916666666666 0.5972222222222222 0.084375 0.07037037037037037
4 0.2546875 0.899074074074074 0.08072916666666667 0.08703703703703704
4 0.6901041666666666 0.9675925925925926 0.065625 0.032407407407407406
4 0.5395833333333333 0.8277777777777777 0.06145833333333333 0.04814814814814815
4 0.46041666666666664 0.6333333333333333 0.08489583333333334 0.07685185185185185
4 0.7395833333333334 0.5842592592592593 0.06458333333333334 0.06666666666666667
2 0.628125 0.45555555555555555 0.035416666666666666 0.13055555555555556
2 0.434375 0.7648148148148148 0.030729166666666665 0.1111111111111111
2 0.5822916666666667 0.7981481481481482 0.030729166666666665 0.20185185185185187
2 0.440625 0.43796296296296294 0.0328125 0.11481481481481481
11 0.515625 0.4388888888888889 0.035416666666666666 0.08148148148148149
