4 0.2234375 0.18796296296296297 0.12395833333333334 0.09074074074074075
4 0.334375 0.36203703703703705 0.13385416666666666 0.09814814814814815
4 0.20833333333333334 0.5472222222222223 0.11770833333333333 0.10277777777777777
4 0.2921875 0.8416666666666667 0.12552083333333333 0.11203703703703703
4 0.7822916666666667 0.7240740740740741 0.1125 0.06851851851851852
4 0.6625 0.45555555555555555 0.10625 0.06759259259259259
4 0.834375 0.25277777777777777 0.11770833333333333 0.09074074074074075
4 0.68125 0.10277777777777777 0.10677083333333333 0.08055555555555556
2 0.5927083333333333 0.5148148148148148 0.04375 0.29074074074074074
2 0.4869791666666667 0.38055555555555554 0.0421875 0.1425925925925926
2 0.6296875 0.10740740740740741 0.0453125 0.17037037037037037
1 0.49375 0.000925925925925926 0.17760416666666667 0.5472222222222223
11 0.5526041666666667 0.026851851851851852 0.028645833333333332 0.09814814814814815
