4 0.17447916666666666 0.5361111111111111 0.10729166666666666 0.16666666666666666
4 0.15416666666666667 0.1111111111111111 0.10677083333333333 0.15185185185185185
4 0.8604166666666667 0.6648148148148149 0.12447916666666667 0.26851851851851855
4 0.5520833333333334 0.7907407407407407 0.10364583333333334 0.20925925925925926
4 0.43802083333333336 0.3972222222222222 0.09895833333333333 0.1398148148148148
2 0.37552083333333336 0.2175925925925926 0.06770833333333333 0.23055555555555557
2 0.6682291666666667 0.06574074074074074 0.065625 0.22777777777777777
2 0.39114583333333336 0.7805555555555556 0.06458333333333334 0.19537037037037036
2 0.6625 0.6222222222222222 0.0640625 0.19722222222222222
1 0.3880208333333333 0.06666666666666667 0.33541666666666664 0.7398148148148148
7 0.4765625 0.000925925925925926 0.15729166666666666 0.20277777777777778
