4 0.28020833333333334 0.21851851851851853 0.09791666666666667 0.06388888888888888
4 0.1765625 0.3851851851851852 0.10416666666666667 0.06111111111111111
4 0.27239583333333334 0.5037037037037037 0.090625 0.05555555555555555
4 0.19427083333333334 0.7555555555555555 0.09791666666666667 0.05925925925925926
4 0.6072916666666667 0.825 0.103125 0.07592592592592592
4 0.6645833333333333 0.5703703703703704 0.09791666666666667 0.06574074074074074
4 0.6026041666666667 0.4648148148148148 0.10625 0.08888888888888889
4 0.6640625 0.2824074074074074 0.103125 0.08888888888888889
2 0.43697916666666664 0.5787037037037037 0.035416666666666666 0.2324074074074074
2 0.5036458333333333 0.44722222222222224 0.034895833333333334 0.10462962962962963
2 0.4114583333333333 0.2712962962962963 0.04010416666666667 0.1287037037037037
1 0.41875 0.10833333333333334 0.11197916666666667 0.49444444444444446
7 0.4395833333333333 0.000925925925925926 0.08385416666666666 0.1935185185185185
