4 0.03177083333333333 0.25925925925925924 0.11979166666666667 0.08425925925925926
4 0.17239583333333333 0.1648148148148148 0.11927083333333334 0.08425925925925926
4 0.15625 0.5138888888888888 0.11614583333333334 0.07407407407407407
4 0.05 0.6157407407407407 0.11979166666666667 0.0712962962962963
4 0.540625 0.775 0.12552083333333333 0.125
4 0.634375 0.6685185185185185 0.1265625 0.10833333333333334
4 0.5 0.42685185185185187 0.12864583333333332 0.11296296296296296
4 0.6395833333333333 0.3296296296296296 0.12604166666666666 0.13240740740740742
1 0.3177083333333333 0.05648148148148148 0.15208333333333332 0.5407407407407407
2 0.30572916666666666 0.14907407407407408 0.053125 0.1638888888888889
2 0.321875 0.5666666666666667 0.04739583333333333 0.1537037037037037
2 0.4328125 0.4759259259259259 0.04635416666666667 0.1398148148148148
7 0.34375 0.000925925925925926 0.10729166666666666 0.10925925925925926
11 0.3796875 0.10648148148148148 0.0328125 0.0962962962962963
