4 0.6375 0.7435185185185185 0.1171875 0.08425925925925926
4 0.7010416666666667 0.46944444444444444 0.10989583333333333 0.075
4 0.6348958333333333 0.3416666666666667 0.11875 0.10277777777777777
4 0.7109375 0.15 0.1125 0.09351851851851851
4 0.3020833333333333 0.08333333333333333 0.09791666666666667 0.06111111111111111
4 0.17760416666666667 0.2564814814814815 0.11041666666666666 0.06111111111111111
4 0.2953125 0.3962962962962963 0.09427083333333333 0.06111111111111111
4 0.19479166666666667 0.6601851851851852 0.10260416666666666 0.058333333333333334
2 0.45208333333333334 0.4740740740740741 0.03802083333333333 0.25277777777777777
2 0.5296875 0.33796296296296297 0.036458333333333336 0.11481481481481481
2 0.4239583333333333 0.12407407407407407 0.043229166666666666 0.14907407407407408
1 0.4270833333333333 0.000925925925925926 0.13177083333333334 0.4962962962962963
