4 0.1765625 0.6972222222222222 0.10729166666666666 0.06666666666666667
4 0.27239583333333334 0.48703703703703705 0.10208333333333333 0.06296296296296296
4 0.1671875 0.25925925925925924 0.11145833333333334 0.06666666666666667
4 0.2828125 0.1574074074074074 0.10364583333333334 0.06296296296296296
4 0.6265625 0.7601851851851852 0.11354166666666667 0.0712962962962963
4 0.6927083333333334 0.5398148148148149 0.11041666666666666 0.07222222222222222
4 0.6213541666666667 0.3148148148148148 0.11614583333333334 0.09722222222222222
4 0.6989583333333333 0.2037037037037037 0.109375 0.09166666666666666
2 0.44114583333333335 0.48333333333333334 0.03802083333333333 0.262037037037037
2 0.5192708333333333 0.412962962962963 0.03697916666666667 0.11944444444444445
2 0.41770833333333335 0.1111111111111111 0.0375 0.14537037037037037
1 0.4234375 0.025 0.12395833333333334 0.4824074074074074
