4 0.6703125 0.6814814814814815 0.12708333333333333 0.07407407407407407
4 0.5791666666666667 0.42962962962962964 0.115625 0.06851851851851852
4 0.7057291666666666 0.1712962962962963 0.1328125 0.09351851851851851
4 0.5875 0.05092592592592592 0.11979166666666667 0.08703703703703704
4 0.08541666666666667 0.07962962962962963 0.1296875 0.08518518518518518
4 0.140625 0.2111111111111111 0.14479166666666668 0.09722222222222222
4 0.07864583333333333 0.46944444444444444 0.1265625 0.08148148148148149
4 0.121875 0.7324074074074074 0.13802083333333334 0.09814814814814815
2 0.45625 0.4398148148148148 0.04479166666666667 0.3074074074074074
2 0.38333333333333336 0.3490740740740741 0.041666666666666664 0.13055555555555556
2 0.46979166666666666 0.000925925925925926 0.04739583333333333 0.17314814814814813
1 0.38645833333333335 0.000925925925925926 0.121875 0.44074074074074077
