1 0.41302083333333334 0.0712962962962963 0.1734375 0.5388888888888889
2 0.5458333333333333 0.15925925925925927 0.04895833333333333 0.1675925925925926
2 0.40625 0.06944444444444445 0.04583333333333333 0.16574074074074074
2 0.5541666666666667 0.5796296296296296 0.04895833333333333 0.15555555555555556
2 0.4276041666666667 0.4824074074074074 0.05 0.1537037037037037
7 0.4421875 0.000925925925925926 0.109375 0.125
4 0.1359375 0.38055555555555554 0.12395833333333334 0.11944444444444445
4 0.2598958333333333 0.48148148148148145 0.12395833333333334 0.1388888888888889
4 0.13541666666666666 0.7194444444444444 0.121875 0.14074074074074075
4 0.27708333333333335 0.812037037037037 0.12760416666666666 0.1259259259259259
4 0.765625 0.6175925925925926 0.11458333333333333 0.08518518518518518
4 0.6067708333333334 0.5277777777777778 0.11875 0.0787037037037037
4 0.7302083333333333 0.2722222222222222 0.11979166666666667 0.08611111111111111
4 0.60625 0.18055555555555555 0.11510416666666666 0.08518518518518518
