7 0.434375 0.000925925925925926 0.08177083333333333 0.5092592592592593
11 0.46145833333333336 0.5055555555555555 0.03697916666666667 0.0824074074074074
2 0.5875 0.5194444444444445 0.03802083333333333 0.13518518518518519
2 0.37395833333333334 0.48703703703703705 0.035416666666666666 0.13240740740740742
2 0.375 0.8629629629629629 0.035416666666666666 0.12037037037037036
1 0.37447916666666664 0.4898148148148148 0.24375 0.4185185185185185
4 0.7166666666666667 0.6416666666666667 0.075 0.07222222222222222
4 0.19375 0.7101851851851851 0.08854166666666667 0.08148148148148149
4 0.4984375 0.9203703703703704 0.07291666666666667 0.05555555555555555
4 0.4119791666666667 0.7527777777777778 0.08854166666666667 0.09351851851851851
