4 0.1078125 0.6768518518518518 0.09479166666666666 0.062037037037037036
4 0.5255208333333333 0.8 0.1078125 0.08333333333333333
4 0.603125 0.5305555555555556 0.10052083333333334 0.08055555555555556
4 0.5234375 0.40370370370370373 0.11354166666666667 0.1111111111111111
4 0.6171875 0.2361111111111111 0.10520833333333333 0.09814814814814815
4 0.2296875 0.13518518518518519 0.09739583333333333 0.06111111111111111
4 0.0890625 0.28703703703703703 0.1109375 0.06759259259259259
4 0.215625 0.43425925925925923 0.09010416666666667 0.05648148148148148
2 0.34739583333333335 0.49907407407407406 0.03854166666666667 0.2462962962962963
2 0.44114583333333335 0.38425925925925924 0.03229166666666667 0.1111111111111111
2 0.32864583333333336 0.1675925925925926 0.040625 0.14444444444444443
1 0.33541666666666664 0.027777777777777776 0.13854166666666667 0.4935185185185185
7 0.3729166666666667 0.000925925925925926 0.0859375 0.0962962962962963
