4 0.1125 0.22777777777777777 0.1203125 0.08981481481481482
4 0.1859375 0.325 0.134375 0.09907407407407408
4 0.109375 0.5879629629629629 0.11614583333333334 0.09907407407407408
4 0.17291666666666666 0.8212962962962963 0.12239583333333333 0.11388888888888889
4 0.6666666666666666 0.7435185185185185 0.115625 0.06666666666666667
4 0.571875 0.5175925925925926 0.10885416666666667 0.06759259259259259
4 0.6921875 0.2462962962962963 0.125 0.09537037037037037
4 0.5682291666666667 0.15925925925925927 0.10833333333333334 0.07962962962962963
2 0.4671875 0.5055555555555555 0.046875 0.2861111111111111
2 0.38958333333333334 0.4305555555555556 0.03697916666666667 0.13055555555555556
2 0.4791666666666667 0.0787037037037037 0.04479166666666667 0.16296296296296298
11 0.42604166666666665 0.03796296296296296 0.024479166666666666 0.09722222222222222
1 0.37916666666666665 0.011111111111111112 0.13489583333333333 0.524074074074074
