2 0.48072916666666665 0.24444444444444444 0.027604166666666666 0.10185185185185185
2 0.4625 0.5148148148148148 0.029166666666666667 0.1935185185185185
4 0.5776041666666667 0.5055555555555555 0.0734375 0.08148148148148149
4 0.29583333333333334 0.7796296296296297 0.0703125 0.1
4 0.23802083333333332 0.6694444444444444 0.06822916666666666 0.09351851851851851
4 0.3260416666666667 0.4564814814814815 0.07291666666666667 0.07777777777777778
4 0.509375 0.41944444444444445 0.06458333333333334 0.075
4 0.6135416666666667 0.19722222222222222 0.075 0.06296296296296296
4 0.5369791666666667 0.19444444444444445 0.06770833333333333 0.06481481481481481
4 0.26979166666666665 0.43148148148148147 0.06927083333333334 0.08425925925925926
2 0.4041666666666667 0.5148148148148148 0.027083333333333334 0.08425925925925926
