4 0.24010416666666667 0.4925925925925926 0.07916666666666666 0.07685185185185185
4 0.5651041666666666 0.8055555555555556 0.08177083333333333 0.08981481481481482
4 0.6296875 0.6564814814814814 0.078125 0.08796296296296297
4 0.5546875 0.4398148148148148 0.08177083333333333 0.11018518518518519
4 0.6255208333333333 0.3972222222222222 0.07708333333333334 0.09166666666666666
4 0.3229166666666667 0.3731481481481482 0.07604166666666666 0.06388888888888888
4 0.22135416666666666 0.1259259259259259 0.08072916666666667 0.09444444444444444
4 0.32135416666666666 0.11018518518518519 0.0765625 0.08333333333333333
2 0.4234375 0.5018518518518519 0.036458333333333336 0.21666666666666667
2 0.4973958333333333 0.47962962962962963 0.030208333333333334 0.0962962962962963
2 0.4161458333333333 0.18888888888888888 0.029166666666666667 0.11574074074074074
