4 0.5072916666666667 0.6370370370370371 0.14166666666666666 0.09814814814814815
4 0.31875 0.5435185185185185 0.14322916666666666 0.0962962962962963
4 0.4822916666666667 0.19166666666666668 0.14375 0.1111111111111111
4 0.32760416666666664 0.10740740740740741 0.14114583333333333 0.09537037037037037
2 0.25104166666666666 0.6361111111111111 0.059375 0.19166666666666668
2 0.084375 0.5361111111111111 0.06197916666666667 0.19166666666666668
2 0.25 0.09814814814814815 0.058333333333333334 0.21574074074074073
2 0.07552083333333333 0.013888888888888888 0.06354166666666666 0.2074074074074074
1 0.08333333333333333 0.014814814814814815 0.21354166666666666 0.6574074074074074
11 0.165625 0.06018518518518518 0.052083333333333336 0.11851851851851852
