1 0.40625 0.1574074074074074 0.11197916666666667 0.39444444444444443
4 0.1765625 0.38425925925925924 0.09583333333333334 0.10925925925925926
4 0.571875 0.775 0.09479166666666666 0.13240740740740742
4 0.6505208333333333 0.7444444444444445 0.096875 0.1111111111111111
4 0.5401041666666667 0.4638888888888889 0.09791666666666667 0.11296296296296296
4 0.6416666666666667 0.4666666666666667 0.0921875 0.12407407407407407
4 0.2671875 0.37777777777777777 0.09583333333333334 0.09166666666666666
4 0.15104166666666666 0.10092592592592593 0.10260416666666666 0.08888888888888889
4 0.259375 0.10092592592592593 0.09270833333333334 0.10555555555555556
2 0.390625 0.5472222222222223 0.03958333333333333 0.11851851851851852
2 0.4875 0.5342592592592592 0.0390625 0.11481481481481481
2 0.39427083333333335 0.19166666666666668 0.041666666666666664 0.11666666666666667
