4 0.6322916666666667 0.3574074074074074 0.090625 0.08888888888888889
4 0.5390625 0.3425925925925926 0.08489583333333334 0.10277777777777777
4 0.64375 0.1 0.084375 0.09814814814814815
4 0.2890625 0.7305555555555555 0.08958333333333333 0.11018518518518519
4 0.2046875 0.7138888888888889 0.08177083333333333 0.12314814814814815
4 0.30416666666666664 0.475 0.08489583333333334 0.11574074074074074
4 0.21458333333333332 0.4351851851851852 0.0875 0.10648148148148148
4 0.5614583333333333 0.08888888888888889 0.075 0.07685185185185185
2 0.48802083333333335 0.5185185185185185 0.0375 0.11018518518518519
2 0.40625 0.49907407407407406 0.034895833333333334 0.10555555555555556
2 0.496875 0.19722222222222222 0.03697916666666667 0.10092592592592593
2 0.3932291666666667 0.1787037037037037 0.027083333333333334 0.1037037037037037
1 0.3984375 0.1527777777777778 0.11302083333333333 0.36574074074074076
8 0.33645833333333336 0.000925925925925926 0.1015625 0.1787037037037037
8 0.478125 0.000925925925925926 0.1203125 0.17777777777777778
