4 0.45260416666666664 0.3814814814814815 0.044270833333333336 0.08518518518518518
4 0.7625 0.36018518518518516 0.0375 0.08425925925925926
4 0.30833333333333335 0.7592592592592593 0.05677083333333333 0.13518518518518519
4 0.6692708333333334 0.7453703703703703 0.04375 0.13240740740740742
4 0.6927083333333334 0.8342592592592593 0.0375 0.11574074074074074
1 0.3802083333333333 0.41203703703703703 0.36822916666666666 0.5046296296296297
8 0.5083333333333333 0.000925925925925926 0.06927083333333334 0.47314814814814815
2 0.3885416666666667 0.4324074074074074 0.03697916666666667 0.14074074074074075
2 0.7203125 0.412962962962963 0.03333333333333333 0.15
11 0.5302083333333333 0.46944444444444444 0.022916666666666665 0.05462962962962963
