8 0.3776041666666667 0.000925925925925926 0.0921875 0.48703703703703705
2 0.5520833333333334 0.44351851851851853 0.0421875 0.14814814814814814
2 0.3359375 0.43425925925925923 0.034895833333333334 0.1287037037037037
2 0.36302083333333335 0.8240740740740741 0.0359375 0.11944444444444445
4 0.15260416666666668 0.6333333333333333 0.09427083333333333 0.08888888888888889
4 0.6817708333333333 0.5074074074074074 0.07552083333333333 0.06851851851851852
4 0.6635416666666667 0.9398148148148148 0.071875 0.06018518518518518
4 0.4796875 0.812037037037037 0.0546875 0.05462962962962963
4 0.3703125 0.6703703703703704 0.09895833333333333 0.09259259259259259
1 0.33177083333333335 0.42592592592592593 0.24791666666666667 0.42407407407407405
