4 0.6588541666666666 0.6166666666666667 0.09739583333333333 0.07777777777777778
4 0.5666666666666667 0.42314814814814816 0.09166666666666666 0.06388888888888888
4 0.6364583333333333 0.23703703703703705 0.103125 0.06666666666666667
4 0.5401041666666667 0.15 0.09635416666666667 0.049074074074074076
4 0.24947916666666667 0.8064814814814815 0.1046875 0.1
4 0.17760416666666667 0.5935185185185186 0.09895833333333333 0.08425925925925926
4 0.21041666666666667 0.4212962962962963 0.11354166666666667 0.08796296296296297
4 0.1484375 0.30185185185185187 0.10625 0.07685185185185185
2 0.4822916666666667 0.5314814814814814 0.052083333333333336 0.2388888888888889
2 0.41510416666666666 0.45185185185185184 0.0375 0.1111111111111111
2 0.44947916666666665 0.2064814814814815 0.04375 0.13240740740740742
