1 0.2328125 0.10648148148148148 0.3489583333333333 0.562962962962963
4 0.7125 0.3712962962962963 0.10833333333333334 0.12314814814814815
4 0.6755208333333333 0.8157407407407408 0.11614583333333334 0.1175925925925926
4 0.049479166666666664 0.8138888888888889 0.09010416666666667 0.08148148148148149
4 0.0234375 0.22777777777777777 0.0953125 0.1037037037037037
2 0.25 0.6370370370370371 0.052083333333333336 0.3425925925925926
2 0.5145833333333333 0.625 0.044270833333333336 0.15833333333333333
2 0.5375 0.1111111111111111 0.046875 0.175
2 0.22291666666666668 0.13055555555555556 0.0484375 0.18888888888888888
4 0.3927083333333333 0.4101851851851852 0.11041666666666666 0.1388888888888889
11 0.41822916666666665 0.17314814814814813 0.027604166666666666 0.053703703703703705
8 0.3984375 0.000925925925925926 0.08385416666666666 0.18425925925925926
