11 0.3463541666666667 0.1388888888888889 0.044270833333333336 0.09259259259259259
1 0.3515625 0.15185185185185185 0.2677083333333333 0.6703703703703704
2 0.5901041666666667 0.7694444444444445 0.065625 0.1925925925925926
2 0.42135416666666664 0.812037037037037 0.06041666666666667 0.16944444444444445
2 0.5265625 0.19814814814814816 0.0625 0.18888888888888888
2 0.3484375 0.24537037037037038 0.04791666666666667 0.15092592592592594
4 0.13229166666666667 0.4398148148148148 0.17083333333333334 0.14907407407407408
4 0.6317708333333333 0.37037037037037035 0.1609375 0.11666666666666667
4 0.7927083333333333 0.32037037037037036 0.16302083333333334 0.11481481481481481
4 0.8760416666666667 0.8240740740740741 0.12395833333333334 0.09537037037037037
