2 0.35208333333333336 0.5268518518518519 0.06041666666666667 0.2935185185185185
2 0.46927083333333336 0.4675925925925926 0.042708333333333334 0.1388888888888889
2 0.39166666666666666 0.09907407407407408 0.04114583333333333 0.16944444444444445
4 0.1078125 0.1787037037037037 0.12135416666666667 0.09074074074074075
4 0.2552083333333333 0.11388888888888889 0.11041666666666666 0.08055555555555556
4 0.20520833333333333 0.48055555555555557 0.109375 0.06388888888888888
4 0.06875 0.674074074074074 0.1140625 0.07777777777777778
4 0.5572916666666666 0.8546296296296296 0.1265625 0.09537037037037037
4 0.6635416666666667 0.6268518518518519 0.11614583333333334 0.09444444444444444
4 0.6114583333333333 0.34444444444444444 0.12604166666666666 0.11851851851851852
4 0.7177083333333333 0.26296296296296295 0.11979166666666667 0.10648148148148148
8 0.44947916666666665 0.000925925925925926 0.07708333333333334 0.12129629629629629
