2 0.5125 0.5509259259259259 0.04635416666666667 0.2898148148148148
2 0.5625 0.14629629629629629 0.03958333333333333 0.15648148148148147
2 0.45625 0.45740740740740743 0.03854166666666667 0.12962962962962962
4 0.1953125 0.7981481481481482 0.128125 0.07685185185185185
4 0.159375 0.5388888888888889 0.11927083333333334 0.07314814814814814
4 0.24895833333333334 0.3 0.1328125 0.07962962962962963
4 0.19270833333333334 0.16296296296296298 0.12604166666666666 0.07592592592592592
4 0.6890625 0.17685185185185184 0.11614583333333334 0.08981481481481482
4 0.7895833333333333 0.3111111111111111 0.12708333333333333 0.09814814814814815
4 0.6494791666666667 0.549074074074074 0.11875 0.06759259259259259
4 0.7229166666666667 0.8027777777777778 0.1265625 0.07222222222222222
