4 0.5989583333333334 0.4462962962962963 0.1078125 0.08148148148148149
4 0.7432291666666667 0.5018518518518519 0.11354166666666667 0.07037037037037037
4 0.7 0.13703703703703704 0.11822916666666666 0.1037037037037037
4 0.5734375 0.08703703703703704 0.11770833333333333 0.08333333333333333
4 0.26197916666666665 0.7342592592592593 0.12708333333333333 0.1111111111111111
4 0.11875 0.674074074074074 0.12395833333333334 0.12685185185185185
4 0.22291666666666668 0.37777777777777777 0.125 0.1361111111111111
4 0.103125 0.3212962962962963 0.12395833333333334 0.11481481481481481
2 0.534375 0.5166666666666667 0.050520833333333334 0.16111111111111112
2 0.4036458333333333 0.4675925925925926 0.05260416666666667 0.15648148148148147
2 0.5072916666666667 0.09074074074074075 0.050520833333333334 0.1787037037037037
2 0.3651041666666667 0.03981481481481482 0.05260416666666667 0.16296296296296298
1 0.36770833333333336 0.03888888888888889 0.18854166666666666 0.49722222222222223
8 0.4114583333333333 0.000925925925925926 0.08489583333333334 0.12407407407407407
11 0.44427083333333334 0.11851851851851852 0.022916666666666665 0.05
