4 0.6869791666666667 0.4740740740740741 0.1109375 0.07685185185185185
4 0.8255208333333334 0.5648148148148148 0.11666666666666667 0.07222222222222222
4 0.8098958333333334 0.2101851851851852 0.12239583333333333 0.08055555555555556
4 0.684375 0.11481481481481481 0.1140625 0.08703703703703704
4 0.3515625 0.7527777777777778 0.12552083333333333 0.11574074074074074
4 0.20989583333333334 0.6564814814814814 0.12083333333333333 0.13518518518518519
4 0.3380208333333333 0.40925925925925927 0.1265625 0.13148148148148148
4 0.21979166666666666 0.30462962962962964 0.12552083333333333 0.11388888888888889
2 0.6213541666666667 0.525 0.04791666666666667 0.1648148148148148
2 0.49166666666666664 0.44166666666666665 0.05 0.15185185185185185
2 0.61875 0.10555555555555556 0.049479166666666664 0.16574074074074074
2 0.4828125 0.009259259259259259 0.04635416666666667 0.16666666666666666
1 0.48489583333333336 0.01574074074074074 0.16458333333333333 0.5296296296296297
