8 0.4354166666666667 0.000925925925925926 0.11197916666666667 0.43148148148148147
4 0.225 0.6472222222222223 0.13854166666666667 0.13148148148148148
4 0.1203125 0.6314814814814815 0.14322916666666666 0.10833333333333334
4 0.7708333333333334 0.46574074074074073 0.13489583333333333 0.10092592592592593
4 0.6838541666666667 0.850925925925926 0.12604166666666666 0.07962962962962963
4 0.8255208333333334 0.8648148148148148 0.1359375 0.0824074074074074
1 0.42291666666666666 0.3648148148148148 0.18958333333333333 0.5
2 0.46197916666666666 0.8157407407407408 0.05625 0.17685185185185184
2 0.584375 0.85 0.05260416666666667 0.15
2 0.5479166666666667 0.375 0.05572916666666667 0.17962962962962964
2 0.42291666666666666 0.36574074074074076 0.049479166666666664 0.17592592592592593
11 0.49166666666666664 0.4185185185185185 0.021354166666666667 0.05555555555555555
