1 0.3296875 0.1935185185185185 0.3296875 0.6166666666666667
4 0.6963541666666667 0.3824074074074074 0.06822916666666666 0.1712962962962963
4 0.20520833333333333 0.7388888888888889 0.078125 0.24351851851851852
2 0.33645833333333336 0.687037037037037 0.0515625 0.16296296296296298
2 0.6010416666666667 0.7703703703703704 0.05260416666666667 0.15
2 0.6140625 0.3425925925925926 0.049479166666666664 0.15925925925925927
2 0.3255208333333333 0.24166666666666667 0.05364583333333333 0.1638888888888889
11 0.3625 0.17685185185185184 0.033854166666666664 0.07962962962962963
8 0.5963541666666666 0.000925925925925926 0.2875 0.3287037037037037
8 0.23177083333333334 0.000925925925925926 0.16458333333333333 0.23703703703703705
