4 0.6786458333333333 0.6796296296296296 0.103125 0.06018518518518518
4 0.5895833333333333 0.42962962962962964 0.09635416666666667 0.05740740740740741
4 0.7104166666666667 0.27314814814814814 0.10677083333333333 0.062037037037037036
4 0.5984375 0.11296296296296296 0.10052083333333334 0.06296296296296296
4 0.2578125 0.40370370370370373 0.1203125 0.09259259259259259
4 0.18177083333333333 0.22685185185185186 0.10677083333333333 0.08148148148148149
4 0.23177083333333334 0.8092592592592592 0.11145833333333334 0.10555555555555556
4 0.17291666666666666 0.5342592592592592 0.10104166666666667 0.0962962962962963
2 0.5020833333333333 0.5148148148148148 0.040625 0.25462962962962965
2 0.4234375 0.3731481481481482 0.034375 0.13796296296296295
2 0.5182291666666666 0.1685185185185185 0.0390625 0.14722222222222223
