8 0.45989583333333334 0.000925925925925926 0.07916666666666666 0.4703703703703704
1 0.3380208333333333 0.41388888888888886 0.32395833333333335 0.4361111111111111
2 0.6244791666666667 0.4398148148148148 0.03958333333333333 0.14074074074074075
2 0.3651041666666667 0.412962962962963 0.03854166666666667 0.13148148148148148
2 0.3265625 0.8166666666666667 0.035416666666666666 0.13148148148148148
4 0.12760416666666666 0.9064814814814814 0.09166666666666666 0.06851851851851852
4 0.1828125 0.5166666666666667 0.09322916666666667 0.07222222222222222
4 0.7395833333333334 0.6064814814814815 0.06875 0.08425925925925926
4 0.4479166666666667 0.912962962962963 0.07135416666666666 0.06388888888888888
4 0.4479166666666667 0.562962962962963 0.08958333333333333 0.075
