2 0.4359375 0.5148148148148148 0.03854166666666667 0.22685185185185186
2 0.496875 0.21203703703703702 0.034895833333333334 0.11944444444444445
2 0.3828125 0.42314814814814816 0.028645833333333332 0.10833333333333334
4 0.19322916666666667 0.6916666666666667 0.103125 0.06018518518518518
4 0.5875 0.7175925925925926 0.09375 0.05648148148148148
4 0.528125 0.5148148148148148 0.08177083333333333 0.05277777777777778
4 0.6604166666666667 0.35648148148148145 0.08541666666666667 0.07037037037037037
4 0.5666666666666667 0.24166666666666667 0.084375 0.0712962962962963
4 0.25625 0.31203703703703706 0.103125 0.06481481481481481
4 0.2015625 0.19814814814814816 0.09427083333333333 0.05740740740740741
4 0.1578125 0.48333333333333334 0.09010416666666667 0.058333333333333334
8 0.43645833333333334 0.000925925925925926 0.0609375 0.19444444444444445
