2 0.5276041666666667 0.5157407407407407 0.042708333333333334 0.28703703703703703
2 0.5572916666666666 0.12129629629629629 0.044270833333333336 0.1574074074074074
2 0.47239583333333335 0.4 0.0390625 0.13240740740740742
4 0.7375 0.7611111111111111 0.11770833333333333 0.07962962962962963
4 0.6630208333333333 0.4981481481481482 0.1171875 0.07407407407407407
4 0.7770833333333333 0.2898148148148148 0.12864583333333332 0.0962962962962963
4 0.6859375 0.13703703703703704 0.115625 0.08703703703703704
4 0.2140625 0.8064814814814815 0.12916666666666668 0.08333333333333333
4 0.17760416666666667 0.524074074074074 0.11927083333333334 0.08333333333333333
4 0.24947916666666667 0.32685185185185184 0.13333333333333333 0.09259259259259259
4 0.19583333333333333 0.16666666666666666 0.12708333333333333 0.08425925925925926
