4 0.29583333333333334 0.775 0.084375 0.07962962962962963
4 0.63125 0.5981481481481481 0.07708333333333334 0.06388888888888888
4 0.5348958333333333 0.43148148148148147 0.07447916666666667 0.05555555555555555
4 0.6385416666666667 0.2740740740740741 0.08541666666666667 0.05092592592592592
4 0.5270833333333333 0.18888888888888888 0.07760416666666667 0.05277777777777778
4 0.2140625 0.5861111111111111 0.08177083333333333 0.0824074074074074
4 0.28958333333333336 0.4351851851851852 0.090625 0.08333333333333333
4 0.20416666666666666 0.33055555555555555 0.08541666666666667 0.06851851851851852
2 0.490625 0.5203703703703704 0.03958333333333333 0.2111111111111111
2 0.4859375 0.2388888888888889 0.035416666666666666 0.1175925925925926
2 0.41354166666666664 0.45740740740740743 0.027083333333333334 0.08888888888888889
