4 0.7197916666666667 0.7092592592592593 0.1265625 0.062037037037037036
4 0.6489583333333333 0.4638888888888889 0.11875 0.06388888888888888
4 0.7364583333333333 0.19166666666666668 0.13541666666666666 0.07685185185185185
4 0.64375 0.08425925925925926 0.12083333333333333 0.07407407407407407
4 0.184375 0.7944444444444444 0.13385416666666666 0.09074074074074075
4 0.15 0.5388888888888889 0.12395833333333334 0.07685185185185185
4 0.175 0.2740740740740741 0.14166666666666666 0.09444444444444444
4 0.14375 0.15648148148148147 0.125 0.08148148148148149
2 0.5057291666666667 0.5027777777777778 0.04635416666666667 0.2972222222222222
2 0.45364583333333336 0.4101851851851852 0.036458333333333336 0.1388888888888889
2 0.49583333333333335 0.06666666666666667 0.04583333333333333 0.16574074074074074
