4 0.5651041666666666 0.4962962962962963 0.13125 0.11481481481481481
4 0.7104166666666667 0.3787037037037037 0.1296875 0.13055555555555556
4 0.6927083333333334 0.7185185185185186 0.12760416666666666 0.1175925925925926
4 0.5901041666666667 0.8416666666666667 0.1296875 0.13240740740740742
4 0.0859375 0.6824074074074075 0.12291666666666666 0.07407407407407407
4 0.196875 0.575925925925926 0.115625 0.06666666666666667
4 0.0765625 0.32592592592592595 0.1203125 0.08611111111111111
4 0.21875 0.21666666666666667 0.11927083333333334 0.07777777777777778
2 0.3567708333333333 0.20277777777777778 0.04895833333333333 0.1712962962962963
2 0.3651041666666667 0.6175925925925926 0.0453125 0.16203703703703703
2 0.484375 0.5222222222222223 0.04739583333333333 0.14444444444444443
2 0.4869791666666667 0.08703703703703704 0.04583333333333333 0.1712962962962963
1 0.375 0.1037037037037037 0.15416666666666667 0.5333333333333333
8 0.4036458333333333 0.000925925925925926 0.08645833333333333 0.2064814814814815
