4 0.5848958333333333 0.774074074074074 0.1109375 0.08611111111111111
4 0.6661458333333333 0.5231481481481481 0.10260416666666666 0.07222222222222222
4 0.5869791666666667 0.36203703703703705 0.11927083333333334 0.10185185185185185
4 0.6817708333333333 0.21203703703703702 0.10833333333333334 0.09259259259259259
4 0.15052083333333333 0.7 0.103125 0.062037037037037036
4 0.25729166666666664 0.4675925925925926 0.0984375 0.05740740740740741
4 0.140625 0.2851851851851852 0.10729166666666666 0.06851851851851852
4 0.26927083333333335 0.1527777777777778 0.1046875 0.06666666666666667
2 0.4036458333333333 0.5157407407407407 0.03697916666666667 0.25462962962962965
2 0.496875 0.4064814814814815 0.030208333333333334 0.1175925925925926
2 0.38645833333333335 0.16666666666666666 0.0375 0.1425925925925926
8 0.4421875 0.000925925925925926 0.0640625 0.14629629629629629
