4 0.6979166666666666 0.6787037037037037 0.1015625 0.06574074074074074
4 0.6255208333333333 0.4166666666666667 0.096875 0.05740740740740741
4 0.7265625 0.28703703703703703 0.11145833333333334 0.07777777777777778
4 0.634375 0.11018518518518519 0.1015625 0.07314814814814814
4 0.24166666666666667 0.7518518518518519 0.10885416666666667 0.08425925925925926
4 0.20416666666666666 0.46944444444444444 0.10052083333333334 0.075
4 0.25729166666666664 0.3611111111111111 0.11822916666666666 0.0787037037037037
4 0.20989583333333334 0.1712962962962963 0.10989583333333333 0.07407407407407407
2 0.5171875 0.5055555555555555 0.03697916666666667 0.2351851851851852
2 0.4578125 0.3648148148148148 0.035416666666666666 0.10277777777777777
2 0.5291666666666667 0.1675925925925926 0.04010416666666667 0.1361111111111111
