2 0.5489583333333333 0.5814814814814815 0.034895833333333334 0.26296296296296295
2 0.5697916666666667 0.21666666666666667 0.041666666666666664 0.14814814814814814
2 0.4552083333333333 0.46944444444444444 0.036458333333333336 0.1259259259259259
4 0.2625 0.8796296296296297 0.11302083333333333 0.09259259259259259
4 0.7260416666666667 0.7805555555555556 0.10833333333333334 0.06666666666666667
4 0.6307291666666667 0.5296296296296297 0.1015625 0.06111111111111111
4 0.7661458333333333 0.34814814814814815 0.1109375 0.08148148148148149
4 0.6421875 0.19907407407407407 0.10104166666666667 0.07777777777777778
4 0.19010416666666666 0.6157407407407407 0.10572916666666667 0.08425925925925926
4 0.3015625 0.45185185185185184 0.11979166666666667 0.09074074074074075
4 0.2015625 0.27870370370370373 0.1140625 0.08981481481481482
1 0.4557291666666667 0.0787037037037037 0.14895833333333333 0.5120370370370371
8 0.4869791666666667 0.000925925925925926 0.0640625 0.18796296296296297
