4 0.6791666666666667 0.7935185185185185 0.1265625 0.08148148148148149
4 0.7125 0.5194444444444445 0.11666666666666667 0.07777777777777778
4 0.6802083333333333 0.3194444444444444 0.12916666666666668 0.10462962962962963
4 0.7197916666666667 0.1574074074074074 0.1203125 0.09351851851851851
4 0.171875 0.7694444444444445 0.11822916666666666 0.07685185185185185
4 0.24270833333333333 0.49722222222222223 0.10885416666666667 0.07592592592592592
4 0.15729166666666666 0.2916666666666667 0.12864583333333332 0.08518518518518518
4 0.2453125 0.14444444444444443 0.11666666666666667 0.0787037037037037
2 0.4479166666666667 0.10833333333333334 0.04114583333333333 0.15925925925925927
2 0.5171875 0.39166666666666666 0.035416666666666666 0.13055555555555556
2 0.47291666666666665 0.5064814814814815 0.035416666666666666 0.2861111111111111
