4 0.5692708333333333 0.8046296296296296 0.13177083333333334 0.13425925925925927
4 0.6802083333333333 0.6861111111111111 0.13489583333333333 0.11851851851851852
4 0.54375 0.42962962962962964 0.13541666666666666 0.11944444444444445
4 0.7109375 0.3212962962962963 0.134375 0.1425925925925926
4 0.043229166666666666 0.612037037037037 0.12760416666666666 0.08796296296296297
4 0.17447916666666666 0.5074074074074074 0.121875 0.08333333333333333
4 0.036458333333333336 0.23148148148148148 0.1265625 0.08796296296296297
4 0.21145833333333333 0.13425925925925927 0.125 0.09444444444444444
2 0.3260416666666667 0.5861111111111111 0.05260416666666667 0.16296296296296298
2 0.465625 0.48055555555555557 0.05 0.1574074074074074
2 0.4791666666666667 0.026851851851851852 0.05 0.17592592592592593
2 0.32864583333333336 0.1287037037037037 0.0421875 0.1824074074074074
1 0.34375 0.026851851851851852 0.184375 0.5675925925925925
