4 0.07135416666666666 0.24259259259259258 0.12239583333333333 0.08981481481481482
4 0.22864583333333333 0.1361111111111111 0.11979166666666667 0.08796296296296297
4 0.20833333333333334 0.5138888888888888 0.1171875 0.08148148148148149
4 0.09114583333333333 0.6222222222222222 0.1234375 0.08425925925925926
4 0.5875 0.7898148148148149 0.13229166666666667 0.13425925925925927
4 0.6947916666666667 0.6759259259259259 0.13177083333333334 0.11388888888888889
4 0.5552083333333333 0.4148148148148148 0.134375 0.12129629629629629
4 0.709375 0.3 0.13385416666666666 0.13703703703703704
2 0.49114583333333334 0.012962962962962963 0.04739583333333333 0.18333333333333332
2 0.3463541666666667 0.11851851851851852 0.05416666666666667 0.18425925925925926
2 0.35833333333333334 0.5768518518518518 0.0515625 0.1648148148148148
2 0.48541666666666666 0.4759259259259259 0.0515625 0.15925925925925927
1 0.3578125 0.010185185185185186 0.1734375 0.5972222222222222
8 0.40208333333333335 0.000925925925925926 0.08854166666666667 0.13518518518518519
11 0.4296875 0.13148148148148148 0.028125 0.040740740740740744
