1 0.3802083333333333 0.000925925925925926 0.09791666666666667 0.4962962962962963
11 0.4109375 0.023148148148148147 0.028645833333333332 0.046296296296296294
8 0.3848958333333333 0.000925925925925926 0.07708333333333334 0.030555555555555555
4 0.5890625 0.08148148148148149 0.1203125 0.08055555555555556
4 0.6723958333333333 0.19537037037037036 0.12864583333333332 0.09444444444444444
4 0.578125 0.47129629629629627 0.12083333333333333 0.06481481481481481
4 0.6307291666666667 0.725 0.12291666666666666 0.07592592592592592
4 0.08854166666666667 0.7898148148148149 0.13697916666666668 0.09537037037037037
4 0.0671875 0.5157407407407407 0.1265625 0.08796296296296297
4 0.121875 0.24814814814814815 0.14114583333333333 0.09814814814814815
4 0.08333333333333333 0.11944444444444445 0.13125 0.08981481481481482
2 0.421875 0.4777777777777778 0.04375 0.3055555555555556
2 0.37604166666666666 0.37962962962962965 0.0421875 0.14074074074074075
2 0.4390625 0.025 0.04583333333333333 0.1712962962962963
