4 0.0875 0.2740740740740741 0.11354166666666667 0.0712962962962963
4 0.2296875 0.15555555555555556 0.1015625 0.06111111111111111
4 0.5567708333333333 0.3314814814814815 0.11979166666666667 0.10092592592592593
4 0.6479166666666667 0.1925925925925926 0.1109375 0.09166666666666666
4 0.64375 0.5277777777777778 0.10885416666666667 0.0712962962962963
4 0.56875 0.7814814814814814 0.1171875 0.08148148148148149
4 0.23229166666666667 0.47685185185185186 0.0953125 0.05925925925925926
4 0.12083333333333333 0.7138888888888889 0.10625 0.06481481481481481
1 0.34479166666666666 0.019444444444444445 0.14947916666666666 0.525
2 0.33958333333333335 0.1361111111111111 0.04479166666666667 0.14814814814814814
2 0.46875 0.4083333333333333 0.034375 0.11944444444444445
2 0.3776041666666667 0.512962962962963 0.04114583333333333 0.2638888888888889
11 0.4197916666666667 0.11388888888888889 0.025 0.04537037037037037
8 0.39895833333333336 0.000925925925925926 0.0671875 0.12037037037037036
