1 0.3796875 0.000925925925925926 0.15416666666666667 0.475
11 0.43333333333333335 0.032407407407407406 0.025 0.044444444444444446
8 0.409375 0.000925925925925926 0.06979166666666667 0.03888888888888889
4 0.11822916666666666 0.14722222222222223 0.11666666666666667 0.08888888888888889
4 0.221875 0.28703703703703703 0.12395833333333334 0.09537037037037037
4 0.10416666666666667 0.5157407407407407 0.11354166666666667 0.09722222222222222
4 0.1859375 0.7712962962962963 0.11979166666666667 0.1037037037037037
4 0.6401041666666667 0.6675925925925926 0.10833333333333334 0.07222222222222222
4 0.5432291666666667 0.42777777777777776 0.1046875 0.0712962962962963
4 0.6875 0.18981481481481483 0.10885416666666667 0.08611111111111111
4 0.5546875 0.06481481481481481 0.1015625 0.08055555555555556
2 0.49583333333333335 0.046296296296296294 0.04375 0.16296296296296298
2 0.37135416666666665 0.36203703703703705 0.04114583333333333 0.12777777777777777
2 0.46458333333333335 0.45185185185185184 0.043229166666666666 0.29074074074074074
