4 0.18229166666666666 0.5027777777777778 0.10416666666666667 0.09537037037037037
4 0.2864583333333333 0.3592592592592593 0.11458333333333333 0.08611111111111111
4 0.1984375 0.20555555555555555 0.10364583333333334 0.0787037037037037
4 0.2515625 0.7611111111111111 0.10625 0.09259259259259259
4 0.6609375 0.6444444444444445 0.09635416666666667 0.053703703703703705
4 0.5703125 0.41388888888888886 0.09270833333333334 0.053703703703703705
4 0.7135416666666666 0.24259259259259258 0.0984375 0.07592592592592592
4 0.584375 0.11574074074074074 0.0890625 0.062037037037037036
2 0.503125 0.4777777777777778 0.03697916666666667 0.25092592592592594
2 0.41822916666666665 0.37037037037037035 0.03854166666666667 0.1175925925925926
2 0.5338541666666666 0.14537037037037037 0.041666666666666664 0.13518518518518519
8 0.4546875 0.000925925925925926 0.06354166666666666 0.12037037037037036
1 0.425 0.012962962962962963 0.14322916666666666 0.4861111111111111
