4 0.084375 0.26481481481481484 0.13854166666666667 0.10740740740740741
4 0.215625 0.30648148148148147 0.14322916666666666 0.13333333333333333
4 0.07239583333333334 0.6555555555555556 0.13541666666666666 0.11574074074074074
4 0.23385416666666667 0.7222222222222222 0.140625 0.10092592592592593
4 0.7635416666666667 0.6203703703703703 0.12552083333333333 0.08148148148148149
4 0.5927083333333333 0.5722222222222222 0.12604166666666666 0.08333333333333333
4 0.7364583333333333 0.2212962962962963 0.1328125 0.08611111111111111
4 0.5947916666666667 0.18425925925925926 0.12291666666666666 0.09814814814814815
2 0.5390625 0.049074074074074076 0.050520833333333334 0.18333333333333332
2 0.5375 0.5268518518518519 0.051041666666666666 0.17037037037037037
2 0.3885416666666667 0.47962962962962963 0.05 0.16203703703703703
2 0.38177083333333334 0.013888888888888888 0.050520833333333334 0.1814814814814815
8 0.44375 0.000925925925925926 0.08489583333333334 0.08611111111111111
11 0.471875 0.08425925925925926 0.0265625 0.05555555555555555
1 0.38645833333333335 0.016666666666666666 0.196875 0.5462962962962963
