2 0.5979166666666667 0.058333333333333334 0.06770833333333333 0.25
2 0.4083333333333333 0.06111111111111111 0.06614583333333333 0.24166666666666667
2 0.4166666666666667 0.6990740740740741 0.06510416666666667 0.22685185185185186
2 0.5921875 0.7212962962962963 0.06614583333333333 0.23796296296296296
1 0.4166666666666667 0.05925925925925926 0.2359375 0.7101851851851851
8 0.47604166666666664 0.000925925925925926 0.11510416666666666 0.1287037037037037
11 0.515625 0.12037037037037036 0.0359375 0.08425925925925926
4 0.11302083333333333 0.3675925925925926 0.20729166666666668 0.1648148148148148
4 0.7244791666666667 0.33240740740740743 0.17552083333333332 0.15833333333333333
4 0.7203125 0.8768518518518519 0.18020833333333333 0.08148148148148149
