4 0.11302083333333333 0.5537037037037037 0.12916666666666668 0.1259259259259259
4 0.4661458333333333 0.6296296296296297 0.125 0.13518518518518519
4 0.8822916666666667 0.5074074074074074 0.09791666666666667 0.1
4 0.5151041666666667 0.9175925925925926 0.09739583333333333 0.06944444444444445
2 0.3640625 0.2712962962962963 0.053125 0.18703703703703703
2 0.7177083333333333 0.3194444444444444 0.049479166666666664 0.20092592592592592
2 0.3489583333333333 0.8333333333333334 0.04895833333333333 0.16666666666666666
1 0.365625 0.2740740740740741 0.396875 0.6388888888888888
11 0.5223958333333333 0.3574074074074074 0.0265625 0.05092592592592592
8 0.4895833333333333 0.000925925925925926 0.09270833333333334 0.3648148148148148
