4 0.41302083333333334 0.7305555555555555 0.09635416666666667 0.08888888888888889
4 0.31145833333333334 0.6398148148148148 0.09270833333333334 0.08981481481481482
4 0.4015625 0.487962962962963 0.0953125 0.10185185185185185
4 0.3229166666666667 0.387037037037037 0.09322916666666667 0.08055555555555556
4 0.7869791666666667 0.5981481481481481 0.0796875 0.05277777777777778
4 0.6765625 0.5018518518518519 0.08802083333333334 0.058333333333333334
4 0.7645833333333333 0.3425925925925926 0.08802083333333334 0.06759259259259259
4 0.6807291666666667 0.24722222222222223 0.08177083333333333 0.06111111111111111
2 0.621875 0.5722222222222222 0.034895833333333334 0.11018518518518519
2 0.5317708333333333 0.4787037037037037 0.035416666666666666 0.1111111111111111
2 0.61875 0.27314814814814814 0.035416666666666666 0.11944444444444445
2 0.5265625 0.18055555555555555 0.0328125 0.11574074074074074
8 0.5557291666666667 0.000925925925925926 0.065625 0.27870370370370373
