4 0.6505208333333333 0.7620370370370371 0.109375 0.06574074074074074
4 0.5848958333333333 0.5277777777777778 0.1078125 0.06574074074074074
4 0.6776041666666667 0.31666666666666665 0.11510416666666666 0.08518518518518518
4 0.5916666666666667 0.19166666666666668 0.1046875 0.08148148148148149
4 0.16302083333333334 0.8194444444444444 0.11770833333333333 0.09166666666666666
4 0.14479166666666668 0.5694444444444444 0.10677083333333333 0.08796296296296297
4 0.1796875 0.3685185185185185 0.1296875 0.09074074074074075
4 0.1453125 0.23796296296296296 0.115625 0.07777777777777778
2 0.4578125 0.5444444444444444 0.040625 0.262037037037037
2 0.40989583333333335 0.44166666666666665 0.034895833333333334 0.12314814814814815
2 0.465625 0.15833333333333333 0.0390625 0.14629629629629629
8 0.40677083333333336 0.000925925925925926 0.071875 0.12314814814814815
11 0.4296875 0.12037037037037036 0.027604166666666666 0.06481481481481481
