4 0.11614583333333334 0.7194444444444444 0.12864583333333332 0.08611111111111111
4 0.15729166666666666 0.4212962962962963 0.1203125 0.075
4 0.11979166666666667 0.22870370370370371 0.1421875 0.09166666666666666
4 0.16770833333333332 0.05185185185185185 0.12239583333333333 0.07962962962962963
4 0.6744791666666666 0.062037037037037036 0.12291666666666666 0.10462962962962963
4 0.684375 0.23796296296296296 0.1375 0.10648148148148148
4 0.6557291666666667 0.43148148148148147 0.11875 0.07592592592592592
4 0.6677083333333333 0.7277777777777777 0.12916666666666668 0.08148148148148149
2 0.44375 0.4444444444444444 0.03854166666666667 0.2916666666666667
2 0.4432291666666667 0.030555555555555555 0.04375 0.16574074074074074
