2 0.46927083333333336 0.4981481481481482 0.04479166666666667 0.3074074074074074
2 0.5057291666666667 0.04351851851851852 0.04479166666666667 0.1712962962962963
2 0.39010416666666664 0.3990740740740741 0.0421875 0.14722222222222223
4 0.1703125 0.22685185185185186 0.1453125 0.08518518518518518
4 0.0640625 0.5101851851851852 0.13177083333333334 0.08148148148148149
4 0.13333333333333333 0.775 0.13854166666666667 0.08425925925925926
4 0.6984375 0.7416666666666667 0.13229166666666667 0.06759259259259259
4 0.6020833333333333 0.48518518518518516 0.13072916666666667 0.0712962962962963
4 0.740625 0.20092592592592592 0.13802083333333334 0.09444444444444444
4 0.6364583333333333 0.07592592592592592 0.12447916666666667 0.08611111111111111
4 0.09791666666666667 0.08888888888888889 0.1375 0.08148148148148149
