4 0.12604166666666666 0.7268518518518519 0.11927083333333334 0.06574074074074074
4 0.2 0.4462962962962963 0.10833333333333334 0.06388888888888888
4 0.1015625 0.2712962962962963 0.1296875 0.0712962962962963
4 0.19583333333333333 0.10092592592592593 0.11510416666666666 0.06481481481481481
4 0.6744791666666666 0.11944444444444445 0.11979166666666667 0.08703703703703704
4 0.6359375 0.2953703703703704 0.1359375 0.09907407407407408
4 0.6666666666666666 0.4722222222222222 0.115625 0.06481481481481481
4 0.6354166666666666 0.7620370370370371 0.1265625 0.07407407407407407
2 0.42083333333333334 0.5194444444444445 0.03854166666666667 0.27037037037037037
2 0.46927083333333336 0.36574074074074076 0.034895833333333334 0.13333333333333333
2 0.4 0.1287037037037037 0.0421875 0.15833333333333333
