4 0.13958333333333334 0.7962962962962963 0.12395833333333334 0.075
4 0.2 0.5194444444444445 0.11354166666666667 0.07222222222222222
4 0.11822916666666666 0.31666666666666665 0.12916666666666668 0.08333333333333333
4 0.20208333333333334 0.15648148148148147 0.11770833333333333 0.07777777777777778
4 0.6875 0.18518518518518517 0.12239583333333333 0.10185185185185185
4 0.6578125 0.3537037037037037 0.1328125 0.10833333333333334
4 0.6875 0.55 0.11770833333333333 0.075
4 0.6640625 0.8314814814814815 0.1265625 0.08888888888888889
2 0.44479166666666664 0.5546296296296296 0.03958333333333333 0.2861111111111111
2 0.4890625 0.42407407407407405 0.035416666666666666 0.12777777777777777
2 0.42135416666666664 0.15648148148148147 0.0390625 0.1527777777777778
8 0.43854166666666666 0.000925925925925926 0.07552083333333333 0.1361111111111111
