4 0.6223958333333334 0.7796296296296297 0.103125 0.062037037037037036
4 0.5796875 0.5712962962962963 0.09479166666666666 0.058333333333333334
4 0.6541666666666667 0.36018518518518516 0.10677083333333333 0.07962962962962963
4 0.5958333333333333 0.26296296296296295 0.096875 0.07037037037037037
4 0.184375 0.2824074074074074 0.10520833333333333 0.0712962962962963
4 0.19947916666666668 0.3787037037037037 0.11614583333333334 0.07592592592592592
4 0.17083333333333334 0.5907407407407408 0.10052083333333334 0.06851851851851852
4 0.18072916666666666 0.8092592592592592 0.10625 0.06574074074074074
2 0.44375 0.562962962962963 0.034375 0.24722222222222223
2 0.4578125 0.2111111111111111 0.0375 0.1361111111111111
8 0.4203125 0.000925925925925926 0.06145833333333333 0.20277777777777778
2 0.4140625 0.4888888888888889 0.0328125 0.10925925925925926
