4 0.7984375 0.000925925925925926 0.09791666666666667 0.16296296296296298
4 0.7984375 0.42777777777777776 0.0953125 0.17222222222222222
4 0.12135416666666667 0.6787037037037037 0.10989583333333333 0.29074074074074074
4 0.45989583333333334 0.3388888888888889 0.09270833333333334 0.18055555555555555
2 0.3255208333333333 0.6287037037037037 0.06458333333333334 0.23055555555555557
2 0.30104166666666665 0.012962962962962963 0.06666666666666667 0.26296296296296295
2 0.6619791666666667 0.12407407407407407 0.06666666666666667 0.25925925925925924
2 0.6520833333333333 0.7481481481481481 0.06770833333333333 0.2351851851851852
1 0.309375 0.022222222222222223 0.42291666666666666 0.7712962962962963
8 0.4432291666666667 0.000925925925925926 0.1390625 0.21388888888888888
