4 0.2015625 0.562962962962963 0.10260416666666666 0.06666666666666667
4 0.296875 0.4787037037037037 0.103125 0.062037037037037036
4 0.17291666666666666 0.25462962962962965 0.10677083333333333 0.07592592592592592
4 0.2994791666666667 0.1675925925925926 0.1046875 0.08425925925925926
4 0.7161458333333334 0.32407407407407407 0.11302083333333333 0.12129629629629629
4 0.5984375 0.42407407407407405 0.11510416666666666 0.1037037037037037
4 0.71875 0.6314814814814815 0.115625 0.10462962962962963
4 0.6296875 0.7268518518518519 0.1203125 0.11018518518518519
2 0.43385416666666665 0.549074074074074 0.0421875 0.13240740740740742
2 0.5348958333333333 0.462037037037037 0.041666666666666664 0.1287037037037037
2 0.41822916666666665 0.1685185185185185 0.0453125 0.15555555555555556
2 0.5354166666666667 0.08611111111111111 0.0359375 0.14629629629629629
8 0.4671875 0.000925925925925926 0.07135416666666666 0.19074074074074074
