4 0.20416666666666666 0.7314814814814815 0.0953125 0.058333333333333334
4 0.621875 0.8648148148148148 0.11302083333333333 0.09259259259259259
4 0.6989583333333333 0.5805555555555556 0.10364583333333334 0.0787037037037037
4 0.6072916666666667 0.46944444444444444 0.11927083333333334 0.11296296296296296
4 0.6932291666666667 0.2777777777777778 0.10833333333333334 0.10185185185185185
4 0.31197916666666664 0.4759259259259259 0.09114583333333333 0.05185185185185185
4 0.1703125 0.3314814814814815 0.109375 0.06944444444444445
4 0.31197916666666664 0.1675925925925926 0.096875 0.06851851851851852
2 0.44479166666666664 0.5824074074074074 0.03697916666666667 0.2537037037037037
2 0.5380208333333333 0.4462962962962963 0.033854166666666664 0.11574074074074074
2 0.40572916666666664 0.23796296296296296 0.0421875 0.14814814814814814
8 0.46822916666666664 0.000925925925925926 0.06354166666666666 0.20833333333333334
