4 0.7005208333333334 0.6703703703703704 0.11614583333333334 0.06944444444444445
4 0.6463541666666667 0.40925925925925927 0.11145833333333334 0.06111111111111111
4 0.74375 0.21388888888888888 0.1203125 0.08796296296296297
4 0.6682291666666667 0.06666666666666667 0.1125 0.07314814814814814
4 0.2125 0.7305555555555555 0.11822916666666666 0.08611111111111111
4 0.1921875 0.46296296296296297 0.109375 0.07592592592592592
4 0.2520833333333333 0.2851851851851852 0.128125 0.08055555555555556
4 0.21927083333333333 0.11296296296296296 0.11510416666666666 0.08055555555555556
2 0.5052083333333334 0.46296296296296297 0.041666666666666664 0.27314814814814814
2 0.4661458333333333 0.34444444444444444 0.035416666666666666 0.11666666666666667
2 0.5354166666666667 0.08425925925925926 0.040625 0.14907407407407408
