4 0.5338541666666666 0.3435185185185185 0.13072916666666667 0.1111111111111111
4 0.7015625 0.2962962962962963 0.1265625 0.125
4 0.6973958333333333 0.6814814814814815 0.1265625 0.11018518518518519
4 0.5651041666666666 0.7388888888888889 0.13125 0.11203703703703703
4 0.22135416666666666 0.6037037037037037 0.11666666666666667 0.08055555555555556
4 0.08802083333333334 0.6509259259259259 0.121875 0.09444444444444444
4 0.075 0.2675925925925926 0.12083333333333333 0.10555555555555556
2 0.34375 0.08333333333333333 0.0453125 0.18333333333333332
2 0.49322916666666666 0.046296296296296294 0.049479166666666664 0.16944444444444445
2 0.35104166666666664 0.55 0.049479166666666664 0.1638888888888889
2 0.49166666666666664 0.5009259259259259 0.04739583333333333 0.16018518518518518
1 0.35833333333333334 0.044444444444444446 0.18645833333333334 0.5064814814814815
8 0.403125 0.000925925925925926 0.0859375 0.12314814814814815
4 0.234375 0.24814814814814815 0.125 0.07685185185185185
