4 0.5786458333333333 0.6648148148148149 0.096875 0.0962962962962963
4 0.6708333333333333 0.5824074074074074 0.09479166666666666 0.08981481481481482
4 0.6786458333333333 0.29907407407407405 0.09947916666666666 0.10925925925925926
4 0.559375 0.387037037037037 0.10260416666666666 0.08888888888888889
4 0.209375 0.5342592592592592 0.09375 0.06759259259259259
4 0.30885416666666665 0.4564814814814815 0.08697916666666666 0.07037037037037037
4 0.19947916666666668 0.24444444444444444 0.0921875 0.07222222222222222
4 0.3234375 0.1675925925925926 0.09166666666666666 0.0787037037037037
2 0.41302083333333334 0.5074074074074074 0.0375 0.12685185185185185
2 0.5177083333333333 0.43425925925925923 0.034895833333333334 0.12037037037037036
2 0.5192708333333333 0.08796296296296297 0.0375 0.13055555555555556
2 0.4036458333333333 0.16574074074074074 0.04010416666666667 0.13240740740740742
8 0.44895833333333335 0.000925925925925926 0.06927083333333334 0.175
1 0.41770833333333335 0.08703703703703704 0.13697916666666668 0.42777777777777776
