4 0.5989583333333334 0.7888888888888889 0.1125 0.075
4 0.6463541666666667 0.5111111111111111 0.1046875 0.07314814814814814
4 0.6015625 0.39537037037037037 0.1171875 0.09814814814814815
4 0.64375 0.20277777777777778 0.109375 0.08425925925925926
4 0.1453125 0.7453703703703703 0.10572916666666667 0.06944444444444445
4 0.2203125 0.475 0.09895833333333333 0.06296296296296296
4 0.14479166666666668 0.35185185185185186 0.1140625 0.07037037037037037
4 0.2296875 0.16666666666666666 0.10364583333333334 0.06759259259259259
2 0.4114583333333333 0.5342592592592592 0.034895833333333334 0.25
2 0.46822916666666664 0.3888888888888889 0.03177083333333333 0.1175925925925926
2 0.3958333333333333 0.20555555555555555 0.0375 0.1425925925925926
8 0.4234375 0.000925925925925926 0.06302083333333333 0.16018518518518518
