4 0.5697916666666667 0.8009259259259259 0.10572916666666667 0.07685185185185185
4 0.6385416666666667 0.5472222222222223 0.09947916666666666 0.07685185185185185
4 0.5666666666666667 0.3888888888888889 0.11145833333333334 0.0962962962962963
4 0.6416666666666667 0.23333333333333334 0.103125 0.08703703703703704
4 0.16354166666666667 0.7231481481481481 0.0953125 0.05925925925925926
4 0.2526041666666667 0.48518518518518516 0.090625 0.06111111111111111
4 0.14791666666666667 0.30833333333333335 0.10625 0.06574074074074074
4 0.25416666666666665 0.1675925925925926 0.09791666666666667 0.06481481481481481
2 0.4005208333333333 0.5361111111111111 0.03802083333333333 0.25833333333333336
2 0.47604166666666664 0.42962962962962964 0.03697916666666667 0.11481481481481481
2 0.3734375 0.19907407407407407 0.03958333333333333 0.13148148148148148
8 0.41822916666666665 0.000925925925925926 0.059375 0.17314814814814813
