4 0.571875 0.4388888888888889 0.10729166666666666 0.06296296296296296
4 0.7005208333333334 0.6990740740740741 0.11510416666666666 0.06666666666666667
4 0.7625 0.21203703703703702 0.1171875 0.08611111111111111
4 0.26927083333333335 0.30833333333333335 0.13489583333333333 0.10462962962962963
4 0.1203125 0.5296296296296297 0.12083333333333333 0.09444444444444444
4 0.2078125 0.812037037037037 0.13020833333333334 0.10740740740740741
4 0.14479166666666668 0.15462962962962962 0.12395833333333334 0.09259259259259259
4 0.5932291666666667 0.075 0.109375 0.09074074074074075
2 0.5171875 0.4787037037037037 0.043229166666666666 0.287962962962963
2 0.55625 0.05555555555555555 0.04583333333333333 0.16574074074074074
2 0.40520833333333334 0.3490740740740741 0.03802083333333333 0.1527777777777778
1 0.4125 0.000925925925925926 0.18489583333333334 0.4935185185185185
