4 0.684375 0.712037037037037 0.1140625 0.075
4 0.6067708333333334 0.42777777777777776 0.10572916666666667 0.06481481481481481
4 0.7182291666666667 0.29074074074074074 0.11822916666666666 0.08703703703703704
4 0.6223958333333334 0.09537037037037037 0.11145833333333334 0.07962962962962963
4 0.209375 0.7851851851851852 0.11875 0.08333333333333333
4 0.159375 0.4842592592592593 0.10989583333333333 0.0824074074074074
4 0.22447916666666667 0.3592592592592593 0.1265625 0.08518518518518518
4 0.17239583333333333 0.15 0.11927083333333334 0.08148148148148149
2 0.49583333333333335 0.5157407407407407 0.03854166666666667 0.26666666666666666
2 0.5098958333333333 0.16666666666666666 0.03958333333333333 0.14629629629629629
2 0.43020833333333336 0.37592592592592594 0.0375 0.1111111111111111
8 0.44427083333333334 0.000925925925925926 0.0671875 0.11666666666666667
