2 0.4427083333333333 0.08148148148148149 0.04791666666666667 0.15925925925925927
2 0.45625 0.5287037037037037 0.04635416666666667 0.2564814814814815
2 0.49114583333333334 0.3685185185185185 0.041666666666666664 0.15925925925925927
8 0.45729166666666665 0.003703703703703704 0.0671875 0.0787037037037037
4 0.14114583333333333 0.2796296296296296 0.13385416666666666 0.08703703703703704
4 0.22395833333333334 0.15 0.11875 0.07592592592592592
4 0.21510416666666668 0.5148148148148148 0.11822916666666666 0.06759259259259259
4 0.14375 0.775 0.125 0.07777777777777778
4 0.6802083333333333 0.7842592592592592 0.1296875 0.0824074074074074
4 0.6828125 0.5222222222222223 0.12447916666666667 0.07222222222222222
4 0.6828125 0.2833333333333333 0.13645833333333332 0.10462962962962963
4 0.6916666666666667 0.1537037037037037 0.11979166666666667 0.09259259259259259
