1 0.42864583333333334 0.005555555555555556 0.1203125 0.4824074074074074
2 0.5130208333333334 0.1111111111111111 0.04375 0.13240740740740742
2 0.4875 0.4546296296296296 0.0421875 0.24259259259259258
2 0.42604166666666665 0.3388888888888889 0.042708333333333334 0.10277777777777777
8 0.4505208333333333 0.000925925925925926 0.07239583333333334 0.08796296296296297
4 0.196875 0.14074074074074075 0.10833333333333334 0.0824074074074074
4 0.2578125 0.30185185185185187 0.11614583333333334 0.08333333333333333
4 0.18489583333333334 0.44166666666666665 0.10416666666666667 0.08518518518518518
4 0.22916666666666666 0.712037037037037 0.10833333333333334 0.08333333333333333
4 0.6515625 0.649074074074074 0.10677083333333333 0.06111111111111111
4 0.5911458333333334 0.4 0.09791666666666667 0.06018518518518518
4 0.6994791666666667 0.24444444444444444 0.10677083333333333 0.07685185185185185
4 0.6057291666666667 0.09444444444444444 0.09895833333333333 0.06851851851851852
