1 0.403125 0.000925925925925926 0.14739583333333334 0.42685185185185187
2 0.4005208333333333 0.41388888888888886 0.04635416666666667 0.1398148148148148
2 0.5114583333333333 0.3212962962962963 0.044270833333333336 0.12407407407407407
2 0.5119791666666667 0.002777777777777778 0.04479166666666667 0.08425925925925926
2 0.396875 0.053703703703703705 0.046875 0.13796296296296295
8 0.44375 0.001851851851851852 0.0671875 0.053703703703703705
11 0.46458333333333335 0.04814814814814815 0.021875 0.03333333333333333
4 0.15104166666666666 0.14074074074074075 0.11354166666666667 0.08055555555555556
4 0.2869791666666667 0.04259259259259259 0.11145833333333334 0.075
4 0.2682291666666667 0.34629629629629627 0.10208333333333333 0.06759259259259259
4 0.16197916666666667 0.4527777777777778 0.109375 0.06296296296296296
4 0.5963541666666666 0.5990740740740741 0.1125 0.11481481481481481
4 0.690625 0.48333333333333334 0.115625 0.10648148148148148
4 0.5734375 0.30185185185185187 0.115625 0.10462962962962963
4 0.7046875 0.1935185185185185 0.11614583333333334 0.12685185185185185
