1 0.31614583333333335 0.002777777777777778 0.41510416666666666 0.8083333333333333
2 0.6411458333333333 0.637962962962963 0.07083333333333333 0.2222222222222222
2 0.2921875 0.10092592592592593 0.07135416666666666 0.25833333333333336
2 0.30364583333333334 0.7574074074074074 0.071875 0.22037037037037038
2 0.6614583333333334 0.000925925925925926 0.06666666666666667 0.25277777777777777
8 0.4453125 0.001851851851851852 0.134375 0.18333333333333332
4 0.13854166666666667 0.49166666666666664 0.09895833333333333 0.2111111111111111
4 0.125 0.000925925925925926 0.09427083333333333 0.1787037037037037
4 0.4557291666666667 0.38796296296296295 0.10416666666666667 0.16944444444444445
4 0.8114583333333333 0.6518518518518519 0.12916666666666668 0.30833333333333335
4 0.4375 0.7537037037037037 0.10572916666666667 0.2462962962962963
