1 0.42916666666666664 0.06018518518518518 0.09166666666666666 0.4842592592592593
2 0.48541666666666666 0.1287037037037037 0.043229166666666666 0.1398148148148148
2 0.46875 0.4935185185185185 0.03958333333333333 0.24537037037037038
8 0.4427083333333333 0.001851851851851852 0.06354166666666666 0.12685185185185185
11 0.46458333333333335 0.125 0.0234375 0.040740740740740744
4 0.6067708333333334 0.175 0.0953125 0.07222222222222222
4 0.6838541666666667 0.27685185185185185 0.10677083333333333 0.07407407407407407
4 0.5916666666666667 0.48518518518518516 0.09895833333333333 0.058333333333333334
4 0.6510416666666666 0.6953703703703704 0.10572916666666667 0.06944444444444445
4 0.20052083333333334 0.7416666666666667 0.109375 0.08333333333333333
4 0.1875 0.5157407407407407 0.10416666666666667 0.07777777777777778
4 0.22447916666666667 0.30277777777777776 0.11822916666666666 0.08333333333333333
4 0.2046875 0.19814814814814816 0.10572916666666667 0.07407407407407407
2 0.4322916666666667 0.41574074074074074 0.036458333333333336 0.10833333333333334
