1 0.4078125 0.06111111111111111 0.1796875 0.6027777777777777
2 0.5416666666666666 0.16666666666666666 0.05572916666666667 0.18055555555555555
2 0.40260416666666665 0.06944444444444445 0.0546875 0.1712962962962963
2 0.5385416666666667 0.6277777777777778 0.05520833333333333 0.1574074074074074
2 0.409375 0.5194444444444445 0.0515625 0.16018518518518518
8 0.4515625 0.003703703703703704 0.09270833333333334 0.1685185185185185
8 0.46041666666666664 0.002777777777777778 0.0796875 0.08518518518518518
11 0.4822916666666667 0.17407407407407408 0.028125 0.04351851851851852
8 0.4515625 0.009259259259259259 0.09010416666666667 0.1712962962962963
4 0.1109375 0.3388888888888889 0.13802083333333334 0.11666666666666667
4 0.22447916666666667 0.44814814814814813 0.1453125 0.15092592592592594
4 0.0875 0.725925925925926 0.14583333333333334 0.125
4 0.23489583333333333 0.8342592592592593 0.14270833333333333 0.12129629629629629
4 0.7604166666666666 0.675 0.12760416666666666 0.0787037037037037
4 0.6098958333333333 0.5796296296296296 0.12864583333333332 0.06944444444444445
4 0.7359375 0.29074074074074074 0.13020833333333334 0.1
4 0.6177083333333333 0.18888888888888888 0.13125 0.09074074074074075
