2 0.4239583333333333 0.06574074074074074 0.046875 0.17222222222222222
2 0.4395833333333333 0.48518518518518516 0.04375 0.2740740740740741
2 0.4859375 0.3712962962962963 0.043229166666666666 0.12962962962962962
8 0.44479166666666664 0.002777777777777778 0.0703125 0.06481481481481481
11 0.4666666666666667 0.05185185185185185 0.023958333333333335 0.03981481481481482
4 0.2265625 0.1259259259259259 0.1171875 0.07962962962962963
4 0.1359375 0.2657407407407407 0.1296875 0.08703703703703704
4 0.20625 0.48518518518518516 0.1140625 0.06944444444444445
4 0.14322916666666666 0.7425925925925926 0.12291666666666666 0.0787037037037037
4 0.65625 0.7564814814814815 0.128125 0.07777777777777778
4 0.6786458333333333 0.48518518518518516 0.11822916666666666 0.07222222222222222
4 0.6567708333333333 0.2675925925925926 0.1328125 0.09444444444444444
4 0.6854166666666667 0.11296296296296296 0.121875 0.1037037037037037
