1 0.4875 0.06111111111111111 0.146875 0.5027777777777778
2 0.47239583333333335 0.1537037037037037 0.04583333333333333 0.14722222222222223
2 0.484375 0.5425925925925926 0.0453125 0.13796296296296295
2 0.5916666666666667 0.45925925925925926 0.044270833333333336 0.13148148148148148
2 0.59375 0.05925925925925926 0.0453125 0.1574074074074074
8 0.5244791666666667 0.001851851851851852 0.07239583333333334 0.1574074074074074
11 0.5463541666666667 0.15648148148148147 0.025520833333333333 0.03981481481481482
4 0.22395833333333334 0.2796296296296296 0.1109375 0.08703703703703704
4 0.35989583333333336 0.1824074074074074 0.11145833333333334 0.07777777777777778
4 0.24375 0.6037037037037037 0.11041666666666666 0.0712962962962963
4 0.34270833333333334 0.5111111111111111 0.10833333333333334 0.06666666666666667
4 0.6880208333333333 0.7185185185185186 0.11979166666666667 0.10462962962962963
4 0.7802083333333333 0.6166666666666667 0.12083333333333333 0.1
4 0.6578125 0.39444444444444443 0.12083333333333333 0.1
4 0.7895833333333333 0.2972222222222222 0.11979166666666667 0.11203703703703703
