1 0.37135416666666665 0.000925925925925926 0.1453125 0.5472222222222223
2 0.36614583333333334 0.11481481481481481 0.051041666666666666 0.15925925925925927
2 0.4859375 0.38796296296296295 0.04479166666666667 0.13055555555555556
2 0.4010416666666667 0.5277777777777778 0.04635416666666667 0.26851851851851855
8 0.4192708333333333 0.000925925925925926 0.0734375 0.08703703703703704
11 0.440625 0.07962962962962963 0.030208333333333334 0.046296296296296294
4 0.23333333333333334 0.09444444444444444 0.1109375 0.0787037037037037
4 0.09895833333333333 0.25555555555555554 0.12291666666666666 0.07407407407407407
4 0.2296875 0.45555555555555555 0.1078125 0.06388888888888888
4 0.1265625 0.7240740740740741 0.11614583333333334 0.07407407407407407
4 0.6046875 0.8111111111111111 0.12760416666666666 0.09814814814814815
4 0.6734375 0.525 0.11979166666666667 0.08518518518518518
4 0.5989583333333334 0.3416666666666667 0.13177083333333334 0.10648148148148148
4 0.6838541666666667 0.1638888888888889 0.11875 0.11481481481481481
