1 0.41875 0.08703703703703704 0.1015625 0.4675925925925926
2 0.4817708333333333 0.21296296296296297 0.0421875 0.12407407407407407
2 0.46510416666666665 0.5537037037037037 0.03802083333333333 0.21944444444444444
2 0.41822916666666665 0.4166666666666667 0.041666666666666664 0.11944444444444445
8 0.4375 0.000925925925925926 0.06354166666666666 0.1925925925925926
4 0.5901041666666667 0.21481481481481482 0.09479166666666666 0.06944444444444445
4 0.6671875 0.3537037037037037 0.10520833333333333 0.07592592592592592
4 0.5760416666666667 0.5064814814814815 0.09479166666666666 0.06018518518518518
4 0.6276041666666666 0.7425925925925926 0.10208333333333333 0.06388888888888888
4 0.20885416666666667 0.775 0.11041666666666666 0.0712962962962963
4 0.18020833333333333 0.5342592592592592 0.10260416666666666 0.06481481481481481
4 0.23229166666666667 0.37222222222222223 0.11666666666666667 0.07777777777777778
4 0.20052083333333334 0.23055555555555557 0.1046875 0.07222222222222222
