1 0.42864583333333334 0.18611111111111112 0.15520833333333334 0.4462962962962963
2 0.42291666666666666 0.18055555555555555 0.046875 0.14722222222222223
2 0.5473958333333333 0.21388888888888888 0.0453125 0.1537037037037037
2 0.421875 0.5722222222222222 0.044270833333333336 0.1361111111111111
2 0.5354166666666667 0.6037037037037037 0.050520833333333334 0.14722222222222223
8 0.46770833333333334 0.003703703703703704 0.07552083333333333 0.2361111111111111
11 0.49166666666666664 0.23981481481481481 0.0265625 0.049074074074074076
4 0.2109375 0.40185185185185185 0.10208333333333333 0.08796296296296297
4 0.3234375 0.44166666666666665 0.11041666666666666 0.11944444444444445
4 0.18854166666666666 0.7240740740740741 0.103125 0.10648148148148148
4 0.31666666666666665 0.7722222222222223 0.10677083333333333 0.08796296296296297
4 0.6958333333333333 0.36944444444444446 0.1015625 0.07407407407407407
4 0.5833333333333334 0.3509259259259259 0.09427083333333333 0.06481481481481481
4 0.7036458333333333 0.6953703703703704 0.1015625 0.07222222222222222
4 0.5734375 0.6564814814814814 0.09635416666666667 0.06481481481481481
