1 0.5 0.11666666666666667 0.0953125 0.44074074074074077
2 0.4979166666666667 0.21481481481481482 0.041666666666666664 0.12685185185185185
2 0.5078125 0.5407407407407407 0.0359375 0.24259259259259258
2 0.5557291666666667 0.44537037037037036 0.03333333333333333 0.10648148148148148
8 0.5203125 0.003703703703703704 0.06614583333333333 0.1935185185185185
11 0.5432291666666667 0.18703703703703703 0.015104166666666667 0.032407407407407406
4 0.3338541666666667 0.21851851851851853 0.10104166666666667 0.06481481481481481
4 0.25052083333333336 0.3351851851851852 0.11145833333333334 0.08055555555555556
4 0.328125 0.5157407407407407 0.09375 0.05925925925925926
4 0.2552083333333333 0.7398148148148148 0.10208333333333333 0.06296296296296296
4 0.68125 0.7842592592592592 0.109375 0.06944444444444445
4 0.7166666666666667 0.5425925925925926 0.1 0.07685185185185185
4 0.6927083333333334 0.38796296296296295 0.11354166666666667 0.09537037037037037
4 0.7291666666666666 0.2490740740740741 0.09895833333333333 0.09537037037037037
