1 0.4401041666666667 0.000925925925925926 0.11354166666666667 0.5083333333333333
2 0.5166666666666667 0.041666666666666664 0.04791666666666667 0.16111111111111112
2 0.434375 0.375 0.044270833333333336 0.14166666666666666
2 0.4875 0.4962962962962963 0.0484375 0.27685185185185185
8 0.4583333333333333 0.000925925925925926 0.0703125 0.03148148148148148
11 0.4796875 0.024074074074074074 0.027083333333333334 0.04814814814814815
4 0.6619791666666667 0.09351851851851851 0.11927083333333334 0.08611111111111111
4 0.7359375 0.21481481481481482 0.13020833333333334 0.09907407407407408
4 0.6255208333333333 0.4685185185185185 0.11666666666666667 0.07407407407407407
4 0.6984375 0.7379629629629629 0.12604166666666666 0.06944444444444445
4 0.17447916666666666 0.7953703703703704 0.1359375 0.1037037037037037
4 0.140625 0.524074074074074 0.1265625 0.09259259259259259
4 0.2046875 0.275 0.13958333333333334 0.10185185185185185
4 0.16197916666666667 0.13148148148148148 0.12864583333333332 0.09722222222222222
