1 0.4401041666666667 0.11481481481481481 0.14583333333333334 0.5027777777777778
2 0.4276041666666667 0.2 0.0484375 0.14722222222222223
2 0.428125 0.5953703703703703 0.04739583333333333 0.13333333333333333
2 0.5484375 0.11296296296296296 0.0453125 0.15462962962962962
2 0.5338541666666666 0.512962962962963 0.04583333333333333 0.12962962962962962
8 0.4703125 0.000925925925925926 0.08125 0.2111111111111111
11 0.4984375 0.20555555555555555 0.0265625 0.040740740740740744
4 0.17604166666666668 0.2972222222222222 0.11302083333333333 0.0787037037037037
4 0.3125 0.21203703703703702 0.11197916666666667 0.08055555555555556
4 0.2890625 0.5435185185185185 0.10833333333333334 0.06944444444444445
4 0.18802083333333333 0.6305555555555555 0.11041666666666666 0.06574074074074074
4 0.625 0.7787037037037037 0.11979166666666667 0.11851851851851852
4 0.7213541666666666 0.6796296296296296 0.11770833333333333 0.1037037037037037
4 0.609375 0.45 0.11979166666666667 0.10925925925925926
4 0.7369791666666666 0.36203703703703705 0.11979166666666667 0.12129629629629629
