1 0.4635416666666667 0.000925925925925926 0.13072916666666667 0.5194444444444445
2 0.5510416666666667 0.13518518518518519 0.04895833333333333 0.15092592592592594
2 0.5286458333333334 0.49444444444444446 0.043229166666666666 0.25277777777777777
2 0.459375 0.33796296296296297 0.0390625 0.10740740740740741
8 0.47708333333333336 0.002777777777777778 0.0734375 0.08055555555555556
4 0.65 0.05648148148148148 0.1109375 0.08796296296296297
4 0.7645833333333333 0.25555555555555554 0.1234375 0.08796296296296297
4 0.6369791666666667 0.38333333333333336 0.10520833333333333 0.06481481481481481
4 0.7140625 0.6777777777777778 0.11666666666666667 0.06388888888888888
4 0.23697916666666666 0.775 0.12239583333333333 0.08796296296296297
4 0.19583333333333333 0.4601851851851852 0.11145833333333334 0.08055555555555556
4 0.2578125 0.3574074074074074 0.13177083333333334 0.10277777777777777
4 0.20885416666666667 0.1361111111111111 0.1171875 0.08703703703703704
