2 0.4895833333333333 0.4351851851851852 0.044270833333333336 0.2388888888888889
2 0.48541666666666666 0.046296296296296294 0.04479166666666667 0.1648148148148148
8 0.4890625 0.000925925925925926 0.06197916666666667 0.06296296296296296
4 0.275 0.1037037037037037 0.10260416666666666 0.06944444444444445
4 0.23697916666666666 0.21944444444444444 0.1125 0.07407407407407407
4 0.26614583333333336 0.4111111111111111 0.1015625 0.06296296296296296
4 0.2375 0.6407407407407407 0.1078125 0.06851851851851852
4 0.6697916666666667 0.6657407407407407 0.11145833333333334 0.08518518518518518
4 0.6770833333333334 0.43425925925925923 0.103125 0.07407407407407407
4 0.6828125 0.25555555555555554 0.11666666666666667 0.08888888888888889
4 0.6838541666666667 0.1259259259259259 0.10572916666666667 0.08425925925925926
