2 0.4270833333333333 0.5046296296296297 0.040625 0.23703703703703705
2 0.43020833333333336 0.18055555555555555 0.03854166666666667 0.13518518518518519
8 0.4114583333333333 0.001851851851851852 0.065625 0.14814814814814814
4 0.1734375 0.7231481481481481 0.11197916666666667 0.07037037037037037
4 0.175 0.48055555555555557 0.10625 0.06018518518518518
4 0.18125 0.3277777777777778 0.11197916666666667 0.07685185185185185
4 0.196875 0.17037037037037037 0.10520833333333333 0.06759259259259259
4 0.6015625 0.16574074074074074 0.10729166666666666 0.08148148148148149
4 0.6317708333333333 0.33425925925925926 0.1109375 0.08796296296296297
4 0.596875 0.47314814814814815 0.1015625 0.06481481481481481
4 0.6151041666666667 0.7194444444444444 0.1078125 0.07407407407407407
