1 0.4041666666666667 0.0962962962962963 0.14739583333333334 0.45925925925925926
2 0.39427083333333335 0.18888888888888888 0.044270833333333336 0.13425925925925927
2 0.42552083333333335 0.5361111111111111 0.04114583333333333 0.25277777777777777
2 0.5171875 0.4675925925925926 0.040625 0.11296296296296296
8 0.4505208333333333 0.003703703703703704 0.06770833333333333 0.1787037037037037
11 0.4744791666666667 0.175 0.019791666666666666 0.03888888888888889
4 0.5744791666666667 0.362962962962963 0.10520833333333333 0.09722222222222222
4 0.6848958333333334 0.2601851851851852 0.103125 0.08888888888888889
4 0.6760416666666667 0.5824074074074074 0.1 0.0712962962962963
4 0.5890625 0.7814814814814814 0.10625 0.08611111111111111
4 0.1953125 0.7240740740740741 0.09947916666666666 0.06388888888888888
4 0.296875 0.5342592592592592 0.09375 0.05925925925925926
4 0.1734375 0.30925925925925923 0.10520833333333333 0.06481481481481481
4 0.30520833333333336 0.2101851851851852 0.09479166666666666 0.0712962962962963
