2 0.39375 0.11574074074074074 0.04895833333333333 0.15462962962962962
2 0.3625 0.3962962962962963 0.0453125 0.14722222222222223
2 0.39114583333333336 0.5398148148148149 0.0453125 0.262037037037037
8 0.359375 0.000925925925925926 0.0796875 0.09074074074074075
4 0.5807291666666666 0.13055555555555556 0.1203125 0.08888888888888889
4 0.6213541666666667 0.27870370370370373 0.1328125 0.09351851851851851
4 0.5598958333333334 0.49444444444444446 0.11770833333333333 0.08148148148148149
4 0.596875 0.7694444444444445 0.12864583333333332 0.0787037037037037
4 0.0703125 0.8027777777777778 0.1328125 0.09259259259259259
4 0.06041666666666667 0.5296296296296297 0.12447916666666667 0.0824074074074074
4 0.08385416666666666 0.30925925925925923 0.1375 0.09907407407407408
4 0.07864583333333333 0.1537037037037037 0.12760416666666666 0.08333333333333333
