1 0.4630208333333333 0.000925925925925926 0.11354166666666667 0.4898148148148148
2 0.46458333333333335 0.3675925925925926 0.043229166666666666 0.13055555555555556
2 0.5385416666666667 0.05277777777777778 0.046875 0.15555555555555556
2 0.5171875 0.46944444444444444 0.04791666666666667 0.2814814814814815
8 0.48333333333333334 0.000925925925925926 0.07135416666666666 0.04814814814814815
11 0.5078125 0.030555555555555555 0.0296875 0.044444444444444446
4 0.1984375 0.10555555555555556 0.12239583333333333 0.08518518518518518
4 0.2421875 0.25092592592592594 0.13541666666666666 0.09259259259259259
4 0.17708333333333334 0.48703703703703705 0.12291666666666666 0.08148148148148149
4 0.21614583333333334 0.7518518518518519 0.13072916666666667 0.08703703703703704
4 0.7270833333333333 0.7148148148148148 0.12760416666666666 0.06944444444444445
4 0.6489583333333333 0.4527777777777778 0.1171875 0.07222222222222222
4 0.7609375 0.21203703703703702 0.12760416666666666 0.09722222222222222
4 0.6666666666666666 0.07962962962962963 0.11875 0.08148148148148149
