4 0.1359375 0.762962962962963 0.14010416666666667 0.09444444444444444
4 0.19739583333333333 0.48333333333333334 0.12552083333333333 0.08796296296296297
4 0.15104166666666666 0.21666666666666667 0.15 0.09074074074074075
4 0.2265625 0.06944444444444445 0.13489583333333333 0.09351851851851851
4 0.75 0.1 0.13385416666666666 0.10925925925925926
4 0.7557291666666667 0.24537037037037038 0.14427083333333332 0.1287037037037037
4 0.7333333333333333 0.5074074074074074 0.13177083333333334 0.09166666666666666
4 0.7260416666666667 0.7981481481481482 0.14322916666666666 0.1
2 0.48541666666666666 0.4759259259259259 0.042708333333333334 0.32037037037037036
2 0.48802083333333335 0.000925925925925926 0.0421875 0.18425925925925926
2 0.5192708333333333 0.36018518518518516 0.03697916666666667 0.15092592592592594
