4 0.6520833333333333 0.44537037037037036 0.11354166666666667 0.1037037037037037
4 0.8 0.4064814814814815 0.1140625 0.11296296296296296
4 0.7875 0.7342592592592593 0.11354166666666667 0.09814814814814815
4 0.6885416666666667 0.7805555555555556 0.11145833333333334 0.12129629629629629
4 0.3692708333333333 0.6509259259259259 0.10416666666666667 0.06851851851851852
4 0.2598958333333333 0.6990740740740741 0.10833333333333334 0.07037037037037037
4 0.246875 0.36018518518518516 0.10520833333333333 0.08888888888888889
2 0.48541666666666666 0.21388888888888888 0.042708333333333334 0.15185185185185185
2 0.6140625 0.17685185185185184 0.040625 0.15
2 0.49583333333333335 0.6111111111111112 0.041666666666666664 0.14351851851851852
2 0.6135416666666667 0.5675925925925925 0.040625 0.14166666666666666
1 0.49583333333333335 0.17592592592592593 0.15260416666666668 0.45092592592592595
8 0.5385416666666667 0.000925925925925926 0.07239583333333334 0.25
