4 0.15260416666666668 0.75 0.11510416666666666 0.06388888888888888
4 0.25729166666666664 0.48333333333333334 0.1015625 0.06759259259259259
4 0.14114583333333333 0.2861111111111111 0.12239583333333333 0.07592592592592592
4 0.25729166666666664 0.1537037037037037 0.11041666666666666 0.06759259259259259
4 0.6942708333333333 0.17407407407407408 0.115625 0.09722222222222222
4 0.659375 0.32592592592592595 0.12916666666666668 0.1037037037037037
4 0.6854166666666667 0.5203703703703704 0.11041666666666666 0.07777777777777778
4 0.646875 0.7935185185185185 0.12395833333333334 0.08425925925925926
2 0.44583333333333336 0.5194444444444445 0.03958333333333333 0.275
2 0.5067708333333333 0.4083333333333333 0.034895833333333334 0.11851851851851852
2 0.42083333333333334 0.12777777777777777 0.04375 0.14907407407407408
8 0.4557291666666667 0.000925925925925926 0.06770833333333333 0.10833333333333334
