4 0.7161458333333334 0.5648148148148148 0.128125 0.07777777777777778
4 0.7286458333333333 0.8046296296296296 0.1375 0.08518518518518518
4 0.7432291666666667 0.2462962962962963 0.13802083333333334 0.1111111111111111
4 0.7229166666666667 0.15 0.12604166666666666 0.10185185185185185
4 0.153125 0.8018518518518518 0.1390625 0.08425925925925926
4 0.18177083333333333 0.5518518518518518 0.13229166666666667 0.08703703703703704
4 0.1796875 0.24166666666666667 0.14375 0.09259259259259259
4 0.20208333333333334 0.14166666666666666 0.13697916666666668 0.08981481481481482
2 0.5041666666666667 0.5046296296296297 0.042708333333333334 0.32222222222222224
2 0.5041666666666667 0.04259259259259259 0.04114583333333333 0.17407407407407408
