4 0.17916666666666667 0.7037037037037037 0.1046875 0.06388888888888888
4 0.24010416666666667 0.46574074074074073 0.10208333333333333 0.062037037037037036
4 0.178125 0.28888888888888886 0.11197916666666667 0.07962962962962963
4 0.24791666666666667 0.14907407407407408 0.10625 0.07407407407407407
4 0.6604166666666667 0.17685185185185184 0.10572916666666667 0.08611111111111111
4 0.61875 0.32222222222222224 0.11510416666666666 0.09444444444444444
4 0.6510416666666666 0.48703703703703705 0.10677083333333333 0.0712962962962963
4 0.6213541666666667 0.7277777777777777 0.10833333333333334 0.07222222222222222
2 0.4427083333333333 0.48518518518518516 0.035416666666666666 0.2490740740740741
2 0.42552083333333335 0.14537037037037037 0.03697916666666667 0.13333333333333333
2 0.4869791666666667 0.38333333333333336 0.030729166666666665 0.11574074074074074
8 0.44479166666666664 0.000925925925925926 0.0625 0.12129629629629629
