4 0.196875 0.30925925925925923 0.1359375 0.09537037037037037
4 0.17708333333333334 0.16574074074074074 0.11770833333333333 0.08888888888888889
4 0.15677083333333333 0.524074074074074 0.11302083333333333 0.08518518518518518
4 0.16979166666666667 0.8009259259259259 0.12864583333333332 0.09351851851851851
4 0.6786458333333333 0.7314814814814815 0.11875 0.06851851851851852
4 0.6067708333333334 0.475 0.1109375 0.06944444444444445
4 0.7208333333333333 0.25555555555555554 0.1265625 0.09259259259259259
4 0.6286458333333333 0.12777777777777777 0.10520833333333333 0.08333333333333333
2 0.4817708333333333 0.49907407407407406 0.03854166666666667 0.287962962962963
2 0.43072916666666666 0.387037037037037 0.03854166666666667 0.13333333333333333
2 0.5015625 0.08703703703703704 0.0453125 0.1574074074074074
