4 0.07291666666666667 0.7805555555555556 0.14427083333333332 0.09444444444444444
4 0.15520833333333334 0.5120370370370371 0.1359375 0.08518518518518518
4 0.0734375 0.21666666666666667 0.14583333333333334 0.09074074074074075
4 0.16927083333333334 0.075 0.1375 0.0962962962962963
4 0.7083333333333334 0.12777777777777777 0.1390625 0.11851851851851852
4 0.6463541666666667 0.2712962962962963 0.14635416666666667 0.125
4 0.7 0.5638888888888889 0.14166666666666666 0.08703703703703704
4 0.6541666666666667 0.8342592592592593 0.140625 0.1
2 0.41875 0.5018518518518519 0.041666666666666664 0.33240740740740743
2 0.4005208333333333 0.03611111111111111 0.042708333333333334 0.17592592592592593
2 0.48020833333333335 0.4064814814814815 0.043229166666666666 0.15648148148148147
