4 0.13854166666666667 0.5064814814814815 0.10572916666666667 0.0824074074074074
4 0.18020833333333333 0.7175925925925926 0.11197916666666667 0.09259259259259259
4 0.6338541666666667 0.6462962962962963 0.10625 0.06111111111111111
4 0.5489583333333333 0.44166666666666665 0.1 0.06574074074074074
4 0.6578125 0.20092592592592592 0.109375 0.07962962962962963
4 0.5625 0.10925925925925926 0.10208333333333333 0.08055555555555556
4 0.20729166666666668 0.2740740740740741 0.11666666666666667 0.08796296296296297
4 0.15989583333333332 0.17407407407407408 0.10885416666666667 0.07962962962962963
2 0.44947916666666665 0.44166666666666665 0.0375 0.25833333333333336
2 0.3885416666666667 0.3814814814814815 0.03854166666666667 0.11203703703703703
2 0.46510416666666665 0.06666666666666667 0.0390625 0.14537037037037037
