4 0.20572916666666666 0.7046296296296296 0.13229166666666667 0.09814814814814815
4 0.7026041666666667 0.6037037037037037 0.12135416666666667 0.075
4 0.5994791666666667 0.525 0.12395833333333334 0.06481481481481481
4 0.68125 0.26851851851851855 0.1234375 0.08425925925925926
4 0.6119791666666666 0.1787037037037037 0.11875 0.08888888888888889
4 0.1375 0.2861111111111111 0.1265625 0.09814814814814815
4 0.20052083333333334 0.3824074074074074 0.12864583333333332 0.12037037037037036
4 0.11822916666666666 0.6222222222222222 0.12447916666666667 0.10092592592592593
2 0.4869791666666667 0.5287037037037037 0.046875 0.1527777777777778
2 0.4083333333333333 0.4537037037037037 0.04479166666666667 0.1398148148148148
2 0.49166666666666664 0.1388888888888889 0.04583333333333333 0.15092592592592594
2 0.40572916666666664 0.06111111111111111 0.036458333333333336 0.14629629629629629
8 0.4296875 0.000925925925925926 0.07760416666666667 0.1537037037037037
