2 0.3885416666666667 0.587037037037037 0.034895833333333334 0.22037037037037038
2 0.34322916666666664 0.2851851851851852 0.03697916666666667 0.12407407407407407
4 0.196875 0.6731481481481482 0.07916666666666666 0.06666666666666667
4 0.5291666666666667 0.85 0.0875 0.10092592592592593
4 0.496875 0.5120370370370371 0.08802083333333334 0.0962962962962963
4 0.6536458333333334 0.3425925925925926 0.0921875 0.09907407407407408
4 0.3416666666666667 0.18518518518518517 0.08385416666666666 0.075
4 0.16302083333333334 0.3296296296296296 0.08645833333333333 0.07592592592592592
4 0.33697916666666666 0.4666666666666667 0.0765625 0.053703703703703705
1 0.35052083333333334 0.14814814814814814 0.1984375 0.44722222222222224
8 0.43385416666666665 0.000925925925925926 0.058854166666666666 0.2601851851851852
