4 0.6916666666666667 0.7481481481481481 0.1 0.06111111111111111
4 0.6369791666666667 0.5388888888888889 0.09322916666666667 0.058333333333333334
4 0.7260416666666667 0.33796296296296297 0.10364583333333334 0.08148148148148149
4 0.6567708333333333 0.23703703703703705 0.09375 0.07407407407407407
4 0.27239583333333334 0.7842592592592592 0.10572916666666667 0.075
4 0.2515625 0.562962962962963 0.09739583333333333 0.07407407407407407
4 0.30833333333333335 0.36944444444444446 0.11302083333333333 0.07037037037037037
4 0.27239583333333334 0.2564814814814815 0.1015625 0.06759259259259259
2 0.5291666666666667 0.5314814814814814 0.03333333333333333 0.24351851851851852
2 0.4875 0.4527777777777778 0.030208333333333334 0.10648148148148148
2 0.5520833333333334 0.18611111111111112 0.034895833333333334 0.12962962962962962
8 0.5036458333333333 0.000925925925925926 0.059895833333333336 0.18425925925925926
