4 0.2984375 0.8166666666666667 0.12447916666666667 0.12222222222222222
4 0.159375 0.6898148148148148 0.12708333333333333 0.13796296296296295
4 0.3015625 0.49166666666666664 0.12447916666666667 0.13240740740740742
4 0.18177083333333333 0.3527777777777778 0.12708333333333333 0.11944444444444445
4 0.6244791666666667 0.5138888888888888 0.11145833333333334 0.07314814814814814
4 0.7661458333333333 0.6240740740740741 0.11875 0.08148148148148149
4 0.7572916666666667 0.2824074074074074 0.11927083333333334 0.09537037037037037
4 0.6364583333333333 0.16574074074074074 0.11302083333333333 0.08518518518518518
2 0.56875 0.5990740740740741 0.043229166666666666 0.15092592592592594
2 0.5770833333333333 0.17962962962962964 0.0484375 0.17407407407407408
2 0.43854166666666666 0.4759259259259259 0.0484375 0.14907407407407408
2 0.4395833333333333 0.06018518518518518 0.04739583333333333 0.1685185185185185
1 0.4375 0.06388888888888888 0.16614583333333333 0.5425925925925926
8 0.484375 0.000925925925925926 0.0875 0.1935185185185185
