4 0.6114583333333333 0.4 0.128125 0.1111111111111111
4 0.6911458333333333 0.5462962962962963 0.11145833333333334 0.08333333333333333
4 0.6296875 0.8296296296296296 0.11979166666666667 0.0962962962962963
4 0.6984375 0.20925925925925926 0.11458333333333333 0.1037037037037037
4 0.16666666666666666 0.75 0.10989583333333333 0.06851851851851852
4 0.2682291666666667 0.48333333333333334 0.09947916666666666 0.06666666666666667
4 0.14114583333333333 0.30648148148148147 0.1140625 0.08518518518518518
4 0.27239583333333334 0.14814814814814814 0.109375 0.0712962962962963
2 0.43333333333333335 0.5407407407407407 0.0421875 0.27314814814814814
2 0.5182291666666666 0.40925925925925927 0.036458333333333336 0.12407407407407407
2 0.403125 0.16296296296296298 0.041666666666666664 0.15462962962962962
8 0.4557291666666667 0.000925925925925926 0.06458333333333334 0.1361111111111111
