4 0.29322916666666665 0.6824074074074075 0.11302083333333333 0.08703703703703704
4 0.22864583333333333 0.5851851851851851 0.10677083333333333 0.08888888888888889
4 0.29010416666666666 0.3990740740740741 0.115625 0.08888888888888889
4 0.23958333333333334 0.31296296296296294 0.11197916666666667 0.075
4 0.7333333333333333 0.5916666666666667 0.10416666666666667 0.05925925925925926
4 0.6505208333333333 0.5064814814814815 0.103125 0.058333333333333334
4 0.7203125 0.29907407407407405 0.109375 0.07962962962962963
4 0.6661458333333333 0.21944444444444444 0.09947916666666666 0.07037037037037037
2 0.4890625 0.4722222222222222 0.036458333333333336 0.10925925925925926
8 0.5432291666666667 0.000925925925925926 0.10260416666666666 0.21574074074074073
11 0.49947916666666664 0.08425925925925926 0.0203125 0.06388888888888888
8 0.46197916666666666 0.000925925925925926 0.06770833333333333 0.125
