4 0.22708333333333333 0.5944444444444444 0.09166666666666666 0.0962962962962963
4 0.24895833333333334 0.32685185185185184 0.09427083333333333 0.08796296296296297
4 0.403125 0.5203703703703704 0.10104166666666667 0.10185185185185185
4 0.3494791666666667 0.8694444444444445 0.09270833333333334 0.11851851851851852
4 0.6854166666666667 0.6462962962962963 0.08229166666666667 0.05925925925925926
4 0.7484375 0.31666666666666665 0.08333333333333333 0.06018518518518518
4 0.5765625 0.15185185185185185 0.07916666666666666 0.05555555555555555
2 0.5567708333333333 0.5796296296296296 0.0375 0.225
2 0.42864583333333334 0.43703703703703706 0.034375 0.10740740740740741
2 0.60625 0.2861111111111111 0.04010416666666667 0.13796296296296295
1 0.428125 0.12407407407407407 0.19791666666666666 0.47314814814814815
8 0.49270833333333336 0.000925925925925926 0.06145833333333333 0.2490740740740741
