2 0.3729166666666667 0.7083333333333334 0.03958333333333333 0.13703703703703704
2 0.47760416666666666 0.6925925925925925 0.036458333333333336 0.12407407407407407
2 0.48489583333333336 0.325 0.040625 0.13425925925925927
2 0.3734375 0.3398148148148148 0.040625 0.1388888888888889
4 0.14791666666666667 0.475 0.1 0.08796296296296297
4 0.26979166666666665 0.475 0.103125 0.05185185185185185
4 0.5354166666666667 0.5120370370370371 0.1078125 0.0824074074074074
4 0.6583333333333333 0.4925925925925926 0.10885416666666667 0.09351851851851851
4 0.6421875 0.8092592592592592 0.1078125 0.07777777777777778
4 0.5489583333333333 0.8398148148148148 0.10729166666666666 0.075
4 0.2515625 0.7648148148148148 0.09479166666666666 0.05555555555555555
4 0.15572916666666667 0.8 0.09895833333333333 0.06666666666666667
8 0.41822916666666665 0.000925925925925926 0.0671875 0.37407407407407406
1 0.3776041666666667 0.32592592592592595 0.1390625 0.39166666666666666
