1 0.31666666666666665 0.07962962962962963 0.18697916666666667 0.4398148148148148
8 0.390625 0.000925925925925926 0.0609375 0.15833333333333333
2 0.3145833333333333 0.075 0.04010416666666667 0.13518518518518519
2 0.47708333333333336 0.4925925925925926 0.034895833333333334 0.11203703703703703
2 0.35885416666666664 0.46574074074074073 0.043229166666666666 0.24814814814814815
4 0.2791666666666667 0.2861111111111111 0.0875 0.06666666666666667
4 0.11614583333333334 0.25 0.09427083333333333 0.07592592592592592
4 0.14635416666666667 0.6972222222222222 0.090625 0.06388888888888888
4 0.5203125 0.6925925925925925 0.10416666666666667 0.06851851851851852
4 0.6255208333333333 0.5814814814814815 0.0984375 0.06481481481481481
4 0.61875 0.25555555555555554 0.0984375 0.07314814814814814
4 0.48020833333333335 0.21203703703703702 0.10364583333333334 0.07962962962962963
