2 0.4942708333333333 0.5462962962962963 0.033854166666666664 0.22777777777777777
2 0.48020833333333335 0.41203703703703703 0.028125 0.12129629629629629
2 0.5026041666666666 0.16111111111111112 0.036458333333333336 0.1388888888888889
4 0.6619791666666667 0.175 0.10260416666666666 0.06759259259259259
4 0.7052083333333333 0.30462962962962964 0.1125 0.07777777777777778
4 0.6432291666666666 0.4925925925925926 0.1015625 0.06296296296296296
4 0.6786458333333333 0.7314814814814815 0.109375 0.06481481481481481
4 0.215625 0.7546296296296297 0.11302083333333333 0.06944444444444445
4 0.22708333333333333 0.5157407407407407 0.10104166666666667 0.06574074074074074
4 0.22760416666666666 0.3212962962962963 0.12083333333333333 0.08518518518518518
4 0.23645833333333333 0.1962962962962963 0.1078125 0.07592592592592592
8 0.4744791666666667 0.000925925925925926 0.06458333333333334 0.14166666666666666
