4 0.6567708333333333 0.7074074074074074 0.10625 0.05925925925925926
4 0.5526041666666667 0.475 0.103125 0.062037037037037036
4 0.703125 0.2537037037037037 0.1109375 0.07685185185185185
4 0.571875 0.13148148148148148 0.10104166666666667 0.07962962962962963
4 0.203125 0.7833333333333333 0.11510416666666666 0.07685185185185185
4 0.12291666666666666 0.5361111111111111 0.1109375 0.0787037037037037
4 0.24114583333333334 0.32037037037037036 0.11822916666666666 0.08518518518518518
4 0.14583333333333334 0.18796296296296297 0.11197916666666667 0.08333333333333333
2 0.47708333333333336 0.5064814814814815 0.03958333333333333 0.26851851851851855
2 0.3854166666666667 0.4 0.03854166666666667 0.13703703703703704
2 0.5078125 0.1287037037037037 0.0375 0.14722222222222223
8 0.421875 0.000925925925925926 0.065625 0.11944444444444445
