8 0.19270833333333334 0.000925925925925926 0.3 0.39814814814814814
8 0.6463541666666667 0.000925925925925926 0.26458333333333334 0.37777777777777777
1 0.459375 0.35648148148148145 0.22395833333333334 0.4083333333333333
2 0.6546875 0.37407407407407406 0.034895833333333334 0.12407407407407407
2 0.45416666666666666 0.3907407407407407 0.034895833333333334 0.11666666666666667
2 0.6489583333333333 0.7296296296296296 0.03125 0.10277777777777777
4 0.6854166666666667 0.7055555555555556 0.04375 0.15648148148148147
4 0.4739583333333333 0.7055555555555556 0.04375 0.14814814814814814
4 0.4432291666666667 0.6342592592592593 0.030729166666666665 0.08333333333333333
4 0.4239583333333333 0.5601851851851852 0.0328125 0.07407407407407407
4 0.6177083333333333 0.6138888888888889 0.0328125 0.06944444444444445
4 0.6036458333333333 0.5435185185185185 0.028645833333333332 0.07037037037037037
11 0.4744791666666667 0.35 0.027604166666666666 0.053703703703703705
11 0.6427083333333333 0.33240740740740743 0.027604166666666666 0.05740740740740741
