1 0.36614583333333334 0.07962962962962963 0.20052083333333334 0.5194444444444445
8 0.4244791666666667 0.000925925925925926 0.07239583333333334 0.16111111111111112
11 0.44479166666666664 0.14537037037037037 0.030208333333333334 0.062037037037037036
4 0.7265625 0.2824074074074074 0.1140625 0.10555555555555556
4 0.5614583333333333 0.3212962962962963 0.10989583333333333 0.10277777777777777
4 0.26145833333333335 0.24722222222222223 0.12395833333333334 0.0824074074074074
4 0.1171875 0.29444444444444445 0.11770833333333333 0.06944444444444445
4 0.07291666666666667 0.6861111111111111 0.11822916666666666 0.07407407407407407
4 0.18854166666666666 0.8157407407407408 0.12447916666666667 0.07592592592592592
4 0.5322916666666667 0.7018518518518518 0.11041666666666666 0.0787037037037037
4 0.6598958333333333 0.825925925925926 0.11666666666666667 0.08055555555555556
2 0.4791666666666667 0.5361111111111111 0.042708333333333334 0.30185185185185187
2 0.35885416666666664 0.5768518518518518 0.04010416666666667 0.1398148148148148
2 0.5328125 0.07685185185185185 0.04114583333333333 0.16203703703703703
