1 0.35572916666666665 0.1 0.153125 0.44351851851851853
8 0.3026041666666667 0.000925925925925926 0.09583333333333334 0.11574074074074074
8 0.46197916666666666 0.000925925925925926 0.10989583333333333 0.14722222222222223
11 0.35989583333333336 0.07037037037037037 0.029166666666666667 0.06481481481481481
2 0.4713541666666667 0.14351851851851852 0.04375 0.13333333333333333
2 0.35208333333333336 0.13055555555555556 0.03229166666666667 0.11851851851851852
2 0.3645833333333333 0.49444444444444446 0.040625 0.11203703703703703
2 0.4765625 0.512962962962963 0.0390625 0.12407407407407407
4 0.6322916666666667 0.5953703703703703 0.1 0.075
4 0.7604166666666666 0.6222222222222222 0.09895833333333333 0.08425925925925926
4 0.5140625 0.575 0.09427083333333333 0.04537037037037037
4 0.6208333333333333 0.2824074074074074 0.10416666666666667 0.10277777777777777
4 0.7432291666666667 0.32314814814814813 0.096875 0.07962962962962963
4 0.5067708333333333 0.26666666666666666 0.09114583333333333 0.08148148148148149
4 0.2520833333333333 0.33796296296296297 0.103125 0.1037037037037037
4 0.1421875 0.30925925925925923 0.09895833333333333 0.09259259259259259
4 0.1359375 0.6194444444444445 0.10260416666666666 0.09351851851851851
4 0.25885416666666666 0.6472222222222223 0.1078125 0.08425925925925926
