4 0.775 0.22037037037037038 0.11666666666666667 0.09907407407407408
4 0.5625 0.21666666666666667 0.11197916666666667 0.09444444444444444
4 0.2994791666666667 0.2101851851851852 0.1265625 0.09074074074074075
4 0.0796875 0.6398148148148148 0.12083333333333333 0.07962962962962963
4 0.21927083333333333 0.8083333333333333 0.12552083333333333 0.08703703703703704
4 0.5432291666666667 0.6268518518518519 0.11354166666666667 0.0824074074074074
4 0.7088541666666667 0.7962962962962963 0.11822916666666666 0.08055555555555556
2 0.5197916666666667 0.5212962962962963 0.04635416666666667 0.32407407407407407
2 0.3625 0.5268518518518519 0.043229166666666666 0.14907407407407408
2 0.5760416666666667 0.03425925925925926 0.0453125 0.16666666666666666
8 0.43854166666666666 0.000925925925925926 0.078125 0.09351851851851851
11 0.4640625 0.08518518518518518 0.028125 0.05555555555555555
1 0.3703125 0.03518518518518519 0.24375 0.5259259259259259
