1 0.39427083333333335 0.025 0.17291666666666666 0.5064814814814815
8 0.4395833333333333 0.000925925925925926 0.084375 0.0787037037037037
11 0.4703125 0.07685185185185185 0.027604166666666666 0.05740740740740741
2 0.38645833333333335 0.040740740740740744 0.04895833333333333 0.17962962962962964
2 0.5255208333333333 0.022222222222222223 0.04635416666666667 0.17685185185185184
2 0.5208333333333334 0.48148148148148145 0.04791666666666667 0.15925925925925927
2 0.390625 0.5055555555555555 0.05260416666666667 0.16203703703703703
4 0.11145833333333334 0.6194444444444445 0.12604166666666666 0.0824074074074074
4 0.23541666666666666 0.5916666666666667 0.121875 0.07314814814814814
4 0.0984375 0.21574074074074073 0.1265625 0.11851851851851852
4 0.26145833333333335 0.20925925925925926 0.12447916666666667 0.08148148148148149
4 0.5848958333333333 0.26944444444444443 0.13541666666666666 0.0962962962962963
4 0.7411458333333333 0.2518518518518518 0.13125 0.10740740740740741
4 0.721875 0.6351851851851852 0.13385416666666666 0.1
4 0.6119791666666666 0.6694444444444444 0.1359375 0.0962962962962963
