1 0.4197916666666667 0.23981481481481481 0.12916666666666668 0.3925925925925926
8 0.446875 0.000925925925925926 0.06927083333333334 0.2935185185185185
11 0.4713541666666667 0.2861111111111111 0.022916666666666665 0.040740740740740744
2 0.5208333333333334 0.25833333333333336 0.0375 0.13518518518518519
2 0.4161458333333333 0.23981481481481481 0.034895833333333334 0.13240740740740742
2 0.5114583333333333 0.6064814814814815 0.03697916666666667 0.125
2 0.4166666666666667 0.5824074074074074 0.036458333333333336 0.12407407407407407
4 0.296875 0.41574074074074074 0.0984375 0.09537037037037037
4 0.2046875 0.39351851851851855 0.0984375 0.07222222222222222
4 0.1828125 0.6861111111111111 0.1 0.07222222222222222
4 0.29739583333333336 0.7083333333333334 0.1015625 0.07777777777777778
4 0.5619791666666667 0.6546296296296297 0.0953125 0.05740740740740741
4 0.675 0.6787037037037037 0.09270833333333334 0.058333333333333334
4 0.6666666666666666 0.38796296296296295 0.0953125 0.06296296296296296
4 0.5760416666666667 0.3675925925925926 0.08802083333333334 0.07037037037037037
