1 0.3328125 0.0787037037037037 0.19166666666666668 0.5287037037037037
8 0.40572916666666664 0.000925925925925926 0.07135416666666666 0.1638888888888889
4 0.2546875 0.31203703703703706 0.10416666666666667 0.0824074074074074
4 0.07864583333333333 0.27870370370370373 0.115625 0.08611111111111111
4 0.25 0.6953703703703704 0.10416666666666667 0.0712962962962963
4 0.0984375 0.8231481481481482 0.10989583333333333 0.07685185185185185
4 0.5619791666666667 0.825 0.12395833333333334 0.08981481481481482
4 0.6739583333333333 0.687962962962963 0.11770833333333333 0.08611111111111111
2 0.4947916666666667 0.5842592592592593 0.03802083333333333 0.13148148148148148
2 0.359375 0.5444444444444444 0.0453125 0.3037037037037037
2 0.32916666666666666 0.0787037037037037 0.040625 0.1574074074074074
4 0.5359375 0.2490740740740741 0.1265625 0.09814814814814815
4 0.6765625 0.30092592592592593 0.11510416666666666 0.07685185185185185
