1 0.35052083333333334 0.10185185185185185 0.30364583333333334 0.4444444444444444
4 0.20833333333333334 0.26944444444444443 0.07708333333333334 0.07962962962962963
4 0.18541666666666667 0.6425925925925926 0.0765625 0.0824074074074074
4 0.39479166666666665 0.7888888888888889 0.08072916666666667 0.08703703703703704
4 0.6734375 0.6925925925925925 0.06302083333333333 0.05740740740740741
4 0.7276041666666667 0.22037037037037038 0.06458333333333334 0.07407407407407407
4 0.44947916666666665 0.5675925925925925 0.06614583333333333 0.05925925925925926
2 0.5614583333333333 0.5120370370370371 0.03697916666666667 0.262037037037037
2 0.34479166666666666 0.5083333333333333 0.03802083333333333 0.13425925925925927
2 0.3536458333333333 0.0962962962962963 0.03802083333333333 0.14074074074074075
2 0.6177083333333333 0.10555555555555556 0.03958333333333333 0.13518518518518519
4 0.47239583333333335 0.27870370370370373 0.0765625 0.07407407407407407
