1 0.39895833333333336 0.11481481481481481 0.203125 0.5
4 0.14322916666666666 0.3111111111111111 0.10989583333333333 0.09259259259259259
4 0.303125 0.3111111111111111 0.11302083333333333 0.08333333333333333
4 0.6015625 0.3074074074074074 0.121875 0.10277777777777777
4 0.746875 0.7129629629629629 0.1203125 0.08703703703703704
4 0.6234375 0.8712962962962963 0.1234375 0.08055555555555556
4 0.2921875 0.7074074074074074 0.11145833333333334 0.07962962962962963
4 0.1609375 0.8592592592592593 0.11197916666666667 0.0824074074074074
2 0.39166666666666666 0.12129629629629629 0.041666666666666664 0.1574074074074074
2 0.43072916666666666 0.575 0.04114583333333333 0.30277777777777776
2 0.5635416666666667 0.5861111111111111 0.036458333333333336 0.1388888888888889
