1 0.265625 0.03888888888888889 0.44375 0.6444444444444445
4 0.041666666666666664 0.29074074074074074 0.11666666666666667 0.12407407407407407
4 0.005208333333333333 0.85 0.121875 0.1175925925925926
4 0.4088541666666667 0.7231481481481481 0.1015625 0.09074074074074075
4 0.740625 0.9166666666666666 0.1 0.08333333333333333
4 0.8208333333333333 0.21481481481481482 0.1015625 0.10555555555555556
4 0.43854166666666666 0.31574074074074077 0.1203125 0.1175925925925926
2 0.6572916666666667 0.046296296296296294 0.06041666666666667 0.20092592592592592
2 0.25625 0.6435185185185185 0.050520833333333334 0.1962962962962963
2 0.26927083333333335 0.032407407407407406 0.052083333333333336 0.2037037037037037
11 0.4395833333333333 0.1037037037037037 0.03125 0.06666666666666667
