1 0.3171875 0.03333333333333333 0.3145833333333333 0.5444444444444444
2 0.5276041666666667 0.5555555555555556 0.04739583333333333 0.3416666666666667
2 0.30885416666666665 0.5444444444444444 0.043229166666666666 0.1675925925925926
2 0.5958333333333333 0.03888888888888889 0.04739583333333333 0.18425925925925926
2 0.32447916666666665 0.03796296296296296 0.04583333333333333 0.16666666666666666
4 0.06614583333333333 0.21203703703703702 0.12552083333333333 0.0962962962962963
4 0.033854166666666664 0.6861111111111111 0.12916666666666668 0.08981481481481482
4 0.253125 0.8796296296296297 0.12552083333333333 0.10092592592592593
4 0.6895833333333333 0.8287037037037037 0.10989583333333333 0.07777777777777778
4 0.7723958333333333 0.22407407407407406 0.10260416666666666 0.10833333333333334
4 0.48072916666666665 0.6481481481481481 0.1015625 0.0712962962962963
4 0.3411458333333333 0.2361111111111111 0.1234375 0.09907407407407408
