1 0.325 0.05925925925925926 0.25729166666666664 0.5796296296296296
4 0.22395833333333334 0.3175925925925926 0.14270833333333333 0.10462962962962963
4 0.008333333333333333 0.30925925925925923 0.1390625 0.13703703703703704
4 0.017708333333333333 0.7694444444444445 0.1453125 0.11296296296296296
4 0.5885416666666666 0.7888888888888889 0.14739583333333334 0.12407407407407407
4 0.7578125 0.774074074074074 0.1484375 0.12129629629629629
4 0.5473958333333333 0.31296296296296294 0.14791666666666667 0.11666666666666667
4 0.7661458333333333 0.3138888888888889 0.15104166666666666 0.14074074074074075
2 0.5192708333333333 0.6046296296296296 0.0515625 0.1935185185185185
2 0.3302083333333333 0.6148148148148148 0.05625 0.19166666666666668
2 0.528125 0.06574074074074074 0.05572916666666667 0.2
2 0.325 0.06111111111111111 0.05416666666666667 0.20185185185185187
