1 0.3828125 0.028703703703703703 0.18958333333333333 0.549074074074074
4 0.18125 0.28888888888888886 0.1546875 0.1259259259259259
4 0.058854166666666666 0.2712962962962963 0.14895833333333333 0.10092592592592593
4 0.0453125 0.6935185185185185 0.1515625 0.11296296296296296
4 0.20104166666666667 0.7351851851851852 0.15208333333333332 0.1175925925925926
4 0.6088541666666667 0.6064814814814815 0.13645833333333332 0.08425925925925926
4 0.7776041666666667 0.6425925925925926 0.13958333333333334 0.09259259259259259
4 0.7395833333333334 0.20185185185185187 0.14947916666666666 0.10185185185185185
4 0.6182291666666667 0.1824074074074074 0.13229166666666667 0.10555555555555556
2 0.5296875 0.5537037037037037 0.05625 0.18703703703703703
2 0.3880208333333333 0.524074074074074 0.050520833333333334 0.1814814814814815
2 0.5213541666666667 0.046296296296296294 0.0484375 0.18703703703703703
2 0.37552083333333336 0.028703703703703703 0.052083333333333336 0.18611111111111112
