1 0.4546875 0.10185185185185185 0.23541666666666666 0.512962962962963
2 0.653125 0.11574074074074074 0.04375 0.16574074074074074
2 0.603125 0.5953703703703703 0.042708333333333334 0.31851851851851853
2 0.446875 0.5935185185185186 0.042708333333333334 0.14722222222222223
4 0.16302083333333334 0.7287037037037037 0.12291666666666666 0.09537037037037037
4 0.3020833333333333 0.9194444444444444 0.1265625 0.08055555555555556
4 0.7958333333333333 0.8861111111111111 0.11770833333333333 0.08148148148148149
4 0.6296875 0.7166666666666667 0.1140625 0.07037037037037037
4 0.6541666666666667 0.3 0.11197916666666667 0.09907407407407408
4 0.86875 0.3175925925925926 0.10677083333333333 0.10185185185185185
4 0.19895833333333332 0.3 0.121875 0.08703703703703704
4 0.3645833333333333 0.3287037037037037 0.13229166666666667 0.09351851851851851
