1 0.32083333333333336 0.12777777777777777 0.2859375 0.4722222222222222
2 0.375 0.5648148148148148 0.04010416666666667 0.28425925925925927
2 0.5713541666666667 0.5601851851851852 0.034375 0.1361111111111111
2 0.55625 0.12314814814814815 0.03958333333333333 0.13518518518518519
2 0.31614583333333335 0.13148148148148148 0.040625 0.1527777777777778
4 0.1296875 0.2814814814814815 0.09166666666666666 0.0712962962962963
4 0.17239583333333333 0.7898148148148149 0.09010416666666667 0.06944444444444445
4 0.53125 0.8425925925925926 0.09583333333333334 0.08055555555555556
4 0.7130208333333333 0.6638888888888889 0.096875 0.09259259259259259
4 0.7072916666666667 0.2851851851851852 0.10104166666666667 0.0962962962962963
4 0.47604166666666664 0.3111111111111111 0.09739583333333333 0.1111111111111111
4 0.36770833333333336 0.6453703703703704 0.08697916666666666 0.06388888888888888
