1 0.4 0.10185185185185185 0.1890625 0.5259259259259259
4 0.6145833333333334 0.3398148148148148 0.1515625 0.11388888888888889
4 0.7703125 0.7611111111111111 0.14791666666666667 0.11018518518518519
4 0.65 0.7861111111111111 0.14791666666666667 0.11203703703703703
4 0.08645833333333333 0.7509259259259259 0.13958333333333334 0.07777777777777778
4 0.06666666666666667 0.29814814814814816 0.14375 0.12037037037037036
4 0.24791666666666667 0.3037037037037037 0.13958333333333334 0.07777777777777778
4 0.22395833333333334 0.7212962962962963 0.128125 0.05925925925925926
2 0.3963541666666667 0.6268518518518519 0.049479166666666664 0.18703703703703703
2 0.5416666666666666 0.6018518518518519 0.046875 0.18425925925925926
2 0.39114583333333336 0.10648148148148148 0.04895833333333333 0.20185185185185187
2 0.54375 0.10555555555555556 0.050520833333333334 0.19074074074074074
