1 0.3333333333333333 0.08425925925925926 0.32864583333333336 0.5092592592592593
4 0.14895833333333333 0.275 0.09166666666666666 0.08703703703703704
4 0.11614583333333334 0.7055555555555556 0.09270833333333334 0.08796296296296297
4 0.35520833333333335 0.8824074074074074 0.09583333333333334 0.08796296296296297
4 0.4484375 0.6435185185185185 0.08541666666666667 0.07314814814814814
4 0.6895833333333333 0.8092592592592592 0.08229166666666667 0.07314814814814814
4 0.7651041666666667 0.25092592592592594 0.08489583333333334 0.09814814814814815
2 0.315625 0.5648148148148148 0.04375 0.14537037037037037
2 0.5583333333333333 0.5666666666666667 0.04114583333333333 0.3148148148148148
2 0.6286458333333333 0.09722222222222222 0.040625 0.16296296296296298
2 0.33177083333333335 0.08333333333333333 0.0453125 0.15462962962962962
4 0.44166666666666665 0.3 0.09010416666666667 0.08703703703703704
