1 0.4234375 0.041666666666666664 0.15520833333333334 0.46574074074074073
4 0.615625 0.21203703703703702 0.11041666666666666 0.07962962962962963
4 0.7484375 0.22685185185185186 0.11770833333333333 0.09351851851851851
4 0.24427083333333333 0.2361111111111111 0.12916666666666668 0.08425925925925926
4 0.5973958333333333 0.5824074074074074 0.11041666666666666 0.06388888888888888
4 0.71875 0.7601851851851852 0.11614583333333334 0.06759259259259259
4 0.19895833333333332 0.7870370370370371 0.12552083333333333 0.0824074074074074
4 0.13802083333333334 0.5981481481481481 0.11822916666666666 0.0824074074074074
2 0.5140625 0.5018518518518519 0.04583333333333333 0.2962962962962963
2 0.41875 0.49537037037037035 0.03958333333333333 0.12222222222222222
2 0.5442708333333334 0.05462962962962963 0.040625 0.15648148148148147
