1 0.38958333333333334 0.20833333333333334 0.16510416666666666 0.4842592592592593
4 0.5875 0.41574074074074074 0.13802083333333334 0.10277777777777777
4 0.7239583333333334 0.8203703703703704 0.13645833333333332 0.0962962962962963
4 0.6208333333333333 0.8333333333333334 0.13385416666666666 0.09722222222222222
4 0.23854166666666668 0.4185185185185185 0.12604166666666666 0.08703703703703704
4 0.08020833333333334 0.41203703703703703 0.13177083333333334 0.10925925925925926
4 0.10052083333333334 0.8175925925925925 0.13072916666666667 0.08055555555555556
2 0.3828125 0.6814814814814815 0.049479166666666664 0.1712962962962963
2 0.5067708333333333 0.6777777777777778 0.046875 0.1648148148148148
2 0.5119791666666667 0.21574074074074073 0.0484375 0.16574074074074074
2 0.3807291666666667 0.2074074074074074 0.046875 0.17222222222222222
11 0.45729166666666665 0.25277777777777777 0.027604166666666666 0.06666666666666667
