1 0.36302083333333335 0.05185185185185185 0.21822916666666667 0.5648148148148148
4 0.7484375 0.2935185185185185 0.11666666666666667 0.09351851851851851
4 0.6973958333333333 0.8453703703703703 0.12135416666666667 0.075
4 0.5401041666666667 0.6148148148148148 0.11354166666666667 0.0824074074074074
4 0.0625 0.6787037037037037 0.12395833333333334 0.09444444444444444
4 0.19375 0.9083333333333333 0.1296875 0.09166666666666666
4 0.24895833333333334 0.3416666666666667 0.13489583333333333 0.0962962962962963
4 0.0875 0.25833333333333336 0.1296875 0.08796296296296297
2 0.49583333333333335 0.5888888888888889 0.046875 0.3175925925925926
2 0.35520833333333335 0.5370370370370371 0.043229166666666666 0.13796296296296295
2 0.5375 0.1287037037037037 0.052083333333333336 0.16574074074074074
