1 0.25625 0.000925925925925926 0.3536458333333333 0.5277777777777778
2 0.3145833333333333 0.48518518518518516 0.04479166666666667 0.34629629629629627
2 0.5713541666666667 0.5046296296296297 0.044270833333333336 0.16296296296296298
2 0.24114583333333334 0.000925925925925926 0.04479166666666667 0.13148148148148148
2 0.5552083333333333 0.000925925925925926 0.04791666666666667 0.13148148148148148
4 0.74375 0.6518518518518519 0.11458333333333333 0.08888888888888889
4 0.7359375 0.1638888888888889 0.10989583333333333 0.1175925925925926
4 0.0265625 0.16111111111111112 0.10104166666666667 0.09166666666666666
4 0.0875 0.7861111111111111 0.109375 0.09166666666666666
4 0.3359375 0.6305555555555555 0.10364583333333334 0.08611111111111111
4 0.49166666666666664 0.8111111111111111 0.1140625 0.10833333333333334
4 0.42864583333333334 0.1675925925925926 0.11041666666666666 0.12129629629629629
11 0.43333333333333335 0.000925925925925926 0.027604166666666666 0.06944444444444445
