1 0.28229166666666666 0.06574074074074074 0.33958333333333335 0.45
2 0.353125 0.48703703703703705 0.036458333333333336 0.26296296296296295
2 0.5776041666666667 0.06388888888888888 0.034375 0.13518518518518519
2 0.2786458333333333 0.07314814814814814 0.034375 0.15
4 0.21197916666666666 0.20462962962962963 0.046875 0.06388888888888888
4 0.3567708333333333 0.28703703703703703 0.05416666666666667 0.1037037037037037
4 0.5010416666666667 0.5398148148148149 0.046875 0.05185185185185185
4 0.675 0.6296296296296297 0.059895833333333336 0.08703703703703704
4 0.6588541666666666 0.25925925925925924 0.059375 0.09907407407407408
4 0.42604166666666665 0.7870370370370371 0.057291666666666664 0.08425925925925926
4 0.2760416666666667 0.6685185185185185 0.0453125 0.06574074074074074
