1 0.25364583333333335 0.011111111111111112 0.33541666666666664 0.5685185185185185
2 0.2453125 0.05277777777777778 0.04739583333333333 0.17777777777777778
2 0.5375 0.011111111111111112 0.04739583333333333 0.17407407407407408
2 0.55625 0.5212962962962963 0.0421875 0.1527777777777778
2 0.32083333333333336 0.5509259259259259 0.0484375 0.3333333333333333
4 0.1125 0.7916666666666666 0.09375 0.075
4 0.49583333333333335 0.9203703703703704 0.11458333333333333 0.07962962962962963
4 0.7234375 0.6925925925925925 0.10989583333333333 0.0962962962962963
4 0.7145833333333333 0.24074074074074073 0.11145833333333334 0.11666666666666667
4 0.05416666666666667 0.2074074074074074 0.0984375 0.08425925925925926
4 0.4359375 0.3037037037037037 0.11354166666666667 0.12407407407407407
4 0.34479166666666666 0.5879629629629629 0.0875 0.07685185185185185
