1 0.321875 0.026851851851851852 0.3098958333333333 0.549074074074074
2 0.5239583333333333 0.5425925925925926 0.04739583333333333 0.3175925925925926
2 0.5963541666666666 0.07314814814814814 0.04635416666666667 0.17037037037037037
2 0.32135416666666666 0.022222222222222223 0.046875 0.16296296296296298
2 0.3072916666666667 0.5120370370370371 0.043229166666666666 0.14629629629629629
4 0.45260416666666664 0.5861111111111111 0.09375 0.07962962962962963
4 0.6807291666666667 0.7870370370370371 0.09322916666666667 0.06666666666666667
4 0.7526041666666666 0.23333333333333334 0.09010416666666667 0.09537037037037037
4 0.2921875 0.8759259259259259 0.109375 0.12407407407407407
4 0.0703125 0.6712962962962963 0.1109375 0.10277777777777777
4 0.10260416666666666 0.24444444444444444 0.109375 0.08888888888888889
4 0.37552083333333336 0.30648148148148147 0.10885416666666667 0.09722222222222222
