1 0.40625 0.11574074074074074 0.1671875 0.5175925925925926
2 0.4015625 0.6416666666666667 0.051041666666666666 0.18888888888888888
2 0.5255208333333333 0.6296296296296297 0.04895833333333333 0.17592592592592593
2 0.3927083333333333 0.1259259259259259 0.053125 0.19166666666666668
2 0.5255208333333333 0.10833333333333334 0.05260416666666667 0.18981481481481483
4 0.0515625 0.3416666666666667 0.14635416666666667 0.1259259259259259
4 0.07291666666666667 0.7805555555555556 0.14375 0.08611111111111111
4 0.17916666666666667 0.7666666666666667 0.1421875 0.08981481481481482
4 0.6703125 0.8 0.15729166666666666 0.1037037037037037
4 0.7708333333333334 0.7768518518518519 0.15625 0.10185185185185185
4 0.640625 0.35185185185185186 0.1546875 0.09907407407407408
