4 0.5458333333333333 0.7787037037037037 0.041666666666666664 0.17685185185185184
4 0.31197916666666664 0.7759259259259259 0.04375 0.18981481481481483
4 0.6104166666666667 0.2935185185185185 0.0359375 0.09351851851851851
4 0.3953125 0.29074074074074074 0.0390625 0.10925925925925926
4 0.3067708333333333 0.4287037037037037 0.04375 0.17222222222222222
2 0.5817708333333333 0.03333333333333333 0.03802083333333333 0.16296296296296298
2 0.34479166666666666 0.03333333333333333 0.0390625 0.15185185185185185
2 0.3609375 0.44537037037037036 0.034375 0.14629629629629629
2 0.58125 0.44814814814814813 0.03125 0.14074074074074075
1 0.34427083333333336 0.028703703703703703 0.2734375 0.4388888888888889
