1 0.35885416666666664 0.000925925925925926 0.31302083333333336 0.49722222222222223
2 0.5614583333333333 0.48333333333333334 0.0421875 0.30833333333333335
2 0.6302083333333334 0.009259259259259259 0.04479166666666667 0.1638888888888889
2 0.3453125 0.4666666666666667 0.042708333333333334 0.1537037037037037
2 0.35833333333333334 0.000925925925925926 0.0453125 0.1425925925925926
4 0.10364583333333334 0.6203703703703703 0.10677083333333333 0.0962962962962963
4 0.32135416666666666 0.8055555555555556 0.1078125 0.10277777777777777
4 0.7166666666666667 0.7537037037037037 0.09895833333333333 0.07037037037037037
4 0.7958333333333333 0.18611111111111112 0.09791666666666667 0.10462962962962963
4 0.50625 0.575 0.09583333333333334 0.07037037037037037
4 0.4015625 0.22777777777777777 0.11145833333333334 0.09814814814814815
4 0.13854166666666667 0.18611111111111112 0.11041666666666666 0.09537037037037037
