1 0.2390625 0.05462962962962963 0.3260416666666667 0.5046296296296297
2 0.30520833333333336 0.5601851851851852 0.0375 0.2953703703703704
2 0.5203125 0.5083333333333333 0.04375 0.13796296296296295
2 0.50625 0.04814814814814815 0.041666666666666664 0.1527777777777778
2 0.23541666666666666 0.12129629629629629 0.03802083333333333 0.1574074074074074
4 0.12864583333333332 0.7666666666666667 0.084375 0.07314814814814814
4 0.6609375 0.687962962962963 0.09010416666666667 0.09907407407407408
4 0.6515625 0.29074074074074074 0.08854166666666667 0.11018518518518519
4 0.06770833333333333 0.24722222222222223 0.08645833333333333 0.07962962962962963
4 0.38229166666666664 0.38333333333333336 0.09114583333333333 0.12407407407407407
4 0.34427083333333336 0.5666666666666667 0.0828125 0.06851851851851852
