1 0.39166666666666666 0.1675925925925926 0.15572916666666667 0.4824074074074074
4 0.12239583333333333 0.7648148148148148 0.12135416666666667 0.08611111111111111
4 0.23541666666666666 0.7296296296296296 0.109375 0.07592592592592592
4 0.6119791666666666 0.8092592592592592 0.13125 0.09907407407407408
4 0.721875 0.774074074074074 0.13125 0.09907407407407408
4 0.7239583333333334 0.38333333333333336 0.12708333333333333 0.1175925925925926
4 0.5802083333333333 0.412962962962963 0.13229166666666667 0.10462962962962963
4 0.253125 0.3638888888888889 0.11614583333333334 0.08425925925925926
4 0.10885416666666667 0.3814814814814815 0.12083333333333333 0.09814814814814815
2 0.39166666666666666 0.6305555555555555 0.04479166666666667 0.17592592592592593
2 0.5083333333333333 0.6148148148148148 0.042708333333333334 0.15462962962962962
2 0.5078125 0.16944444444444445 0.046875 0.16574074074074074
2 0.38385416666666666 0.18611111111111112 0.04375 0.17222222222222222
