1 0.45677083333333335 0.24166666666666667 0.14322916666666666 0.5138888888888888
8 0.4890625 0.000925925925925926 0.084375 0.3
11 0.5182291666666666 0.2916666666666667 0.028645833333333332 0.058333333333333334
2 0.44583333333333336 0.2537037037037037 0.04791666666666667 0.1787037037037037
2 0.5640625 0.23981481481481481 0.046875 0.175
2 0.45 0.7194444444444444 0.049479166666666664 0.16574074074074074
2 0.5588541666666667 0.7018518518518518 0.04895833333333333 0.16203703703703703
4 0.6640625 0.4444444444444444 0.14010416666666667 0.09722222222222222
4 0.7911458333333333 0.4287037037037037 0.14166666666666666 0.10555555555555556
4 0.7760416666666666 0.8240740740740741 0.1390625 0.08888888888888889
4 0.6911458333333333 0.8472222222222222 0.13802083333333334 0.10185185185185185
4 0.1640625 0.8398148148148148 0.13020833333333334 0.08333333333333333
4 0.28541666666666665 0.44166666666666665 0.128125 0.0787037037037037
4 0.15 0.44722222222222224 0.12135416666666667 0.10555555555555556
