8 0.4234375 0.000925925925925926 0.0953125 0.15092592592592594
11 0.4583333333333333 0.14444444444444443 0.029166666666666667 0.06481481481481481
1 0.375 0.07777777777777778 0.19322916666666667 0.5861111111111111
2 0.3640625 0.1 0.05572916666666667 0.20462962962962963
2 0.5208333333333334 0.07685185185185185 0.053125 0.19722222222222222
2 0.36614583333333334 0.625 0.05572916666666667 0.18425925925925926
2 0.5109375 0.5972222222222222 0.05364583333333333 0.1787037037037037
4 0.753125 0.3287037037037037 0.15052083333333333 0.13703703703703704
4 0.5817708333333333 0.35833333333333334 0.1484375 0.11666666666666667
4 0.7348958333333333 0.7796296296296297 0.14375 0.10740740740740741
4 0.6166666666666667 0.8064814814814815 0.14427083333333332 0.1175925925925926
4 0.06822916666666666 0.7592592592592593 0.13645833333333332 0.10092592592592593
4 0.20416666666666666 0.7268518518518519 0.1296875 0.1
4 0.05416666666666667 0.32037037037037036 0.13854166666666667 0.13148148148148148
4 0.23958333333333334 0.3 0.13385416666666666 0.09351851851851851
