1 0.3484375 0.12314814814814815 0.265625 0.4685185185185185
8 0.4630208333333333 0.000925925925925926 0.065625 0.1787037037037037
11 0.4864583333333333 0.17407407407407408 0.022916666666666665 0.04537037037037037
2 0.34427083333333336 0.12314814814814815 0.034895833333333334 0.14629629629629629
2 0.39739583333333334 0.5425925925925926 0.036458333333333336 0.28425925925925927
2 0.5848958333333333 0.5657407407407408 0.0375 0.1259259259259259
2 0.5729166666666666 0.1361111111111111 0.034895833333333334 0.14166666666666666
4 0.16614583333333333 0.29074074074074074 0.08489583333333334 0.07777777777777778
4 0.21145833333333333 0.7870370370370371 0.08333333333333333 0.06481481481481481
4 0.5442708333333334 0.7944444444444444 0.096875 0.07407407407407407
4 0.7223958333333333 0.662962962962963 0.09635416666666667 0.06944444444444445
4 0.3953125 0.6574074074074074 0.08020833333333334 0.07037037037037037
4 0.4895833333333333 0.27037037037037037 0.09583333333333334 0.0824074074074074
