8 0.4515625 0.000925925925925926 0.08229166666666667 0.14444444444444443
11 0.48072916666666665 0.08981481481481482 0.028645833333333332 0.058333333333333334
1 0.3645833333333333 0.037037037037037035 0.3015625 0.5537037037037037
2 0.6276041666666666 0.03518518518518519 0.0453125 0.17777777777777778
2 0.3651041666666667 0.04814814814814815 0.044270833333333336 0.16944444444444445
2 0.5661458333333333 0.5453703703703704 0.046875 0.3416666666666667
2 0.35520833333333335 0.5648148148148148 0.044270833333333336 0.1537037037037037
4 0.08020833333333334 0.7203703703703703 0.1203125 0.09166666666666666
4 0.10989583333333333 0.25277777777777777 0.1234375 0.09351851851851851
4 0.290625 0.8814814814814815 0.121875 0.1037037037037037
4 0.7484375 0.8472222222222222 0.10885416666666667 0.0787037037037037
4 0.8166666666666667 0.2462962962962963 0.11041666666666666 0.11018518518518519
