1 0.30104166666666665 0.024074074074074074 0.33541666666666664 0.5101851851851852
4 0.746875 0.6638888888888889 0.08854166666666667 0.09907407407407408
4 0.44895833333333335 0.5370370370370371 0.0734375 0.06851851851851852
4 0.4973958333333333 0.8444444444444444 0.08697916666666666 0.09907407407407408
4 0.2109375 0.712037037037037 0.075 0.06851851851851852
4 0.15260416666666668 0.20833333333333334 0.07760416666666667 0.07592592592592592
4 0.7328125 0.26944444444444443 0.0890625 0.12129629629629629
4 0.42864583333333334 0.3277777777777778 0.08697916666666666 0.12407407407407407
2 0.3723958333333333 0.5074074074074074 0.0390625 0.29259259259259257
2 0.6083333333333333 0.4759259259259259 0.04010416666666667 0.1398148148148148
2 0.590625 0.021296296296296296 0.041666666666666664 0.15555555555555556
2 0.29583333333333334 0.07592592592592592 0.0421875 0.16296296296296298
11 0.4786458333333333 0.10092592592592593 0.0234375 0.044444444444444446
8 0.4505208333333333 0.000925925925925926 0.0765625 0.10462962962962963
