4 0.08125 0.787962962962963 0.1375 0.08611111111111111
4 0.1796875 0.725925925925926 0.13072916666666667 0.08981481481481482
4 0.06927083333333334 0.39166666666666666 0.1359375 0.11296296296296296
4 0.2078125 0.3388888888888889 0.13125 0.10092592592592593
4 0.6244791666666667 0.8111111111111111 0.14375 0.11666666666666667
4 0.7083333333333334 0.7601851851851852 0.14166666666666666 0.09814814814814815
4 0.5932291666666667 0.4203703703703704 0.14583333333333334 0.11203703703703703
4 0.721875 0.36666666666666664 0.1421875 0.12314814814814815
2 0.38177083333333334 0.6462962962962963 0.05572916666666667 0.17314814814814813
2 0.48802083333333335 0.6064814814814815 0.0484375 0.1574074074074074
2 0.3770833333333333 0.19074074074074074 0.053125 0.1787037037037037
2 0.49583333333333335 0.14444444444444443 0.04375 0.175
8 0.4197916666666667 0.000925925925925926 0.0859375 0.2212962962962963
11 0.4510416666666667 0.21851851851851853 0.030729166666666665 0.053703703703703705
1 0.3880208333333333 0.14444444444444443 0.14375 0.5509259259259259
