2 0.578125 0.549074074074074 0.0453125 0.3055555555555556
2 0.6270833333333333 0.11388888888888889 0.04375 0.16203703703703703
2 0.4197916666666667 0.5175925925925926 0.0421875 0.13518518518518519
4 0.35833333333333334 0.3453703703703704 0.1265625 0.0962962962962963
4 0.17916666666666667 0.2740740740740741 0.11927083333333334 0.09074074074074075
4 0.14583333333333334 0.6712962962962963 0.115625 0.10277777777777777
4 0.29583333333333334 0.8759259259259259 0.12395833333333334 0.09722222222222222
4 0.7645833333333333 0.7972222222222223 0.10833333333333334 0.07314814814814814
4 0.809375 0.2759259259259259 0.1078125 0.10092592592592593
1 0.4265625 0.06481481481481481 0.2359375 0.5148148148148148
8 0.4895833333333333 0.000925925925925926 0.0734375 0.14629629629629629
11 0.5140625 0.14351851851851852 0.030208333333333334 0.044444444444444446
