4 0.1609375 0.27685185185185185 0.10989583333333333 0.0824074074074074
4 0.19114583333333332 0.7953703703703704 0.10052083333333334 0.08055555555555556
4 0.3619791666666667 0.6268518518518519 0.09479166666666666 0.07962962962962963
4 0.6166666666666667 0.8398148148148148 0.11354166666666667 0.09722222222222222
4 0.7942708333333334 0.6722222222222223 0.1125 0.08425925925925926
4 0.5713541666666667 0.3111111111111111 0.115625 0.10833333333333334
4 0.7989583333333333 0.26944444444444443 0.1125 0.11018518518518519
4 0.3703125 0.2518518518518518 0.10364583333333334 0.07685185185185185
2 0.38177083333333334 0.10555555555555556 0.043229166666666666 0.15648148148148147
2 0.6010416666666667 0.06666666666666667 0.044270833333333336 0.15
2 0.434375 0.5453703703703704 0.044270833333333336 0.2953703703703704
2 0.6125 0.5231481481481481 0.04375 0.1425925925925926
1 0.3890625 0.06481481481481481 0.25677083333333334 0.5111111111111111
8 0.49322916666666666 0.000925925925925926 0.07604166666666666 0.14074074074074075
11 0.5197916666666667 0.13333333333333333 0.028125 0.04814814814814815
