4 0.1796875 0.5953703703703703 0.09322916666666667 0.09074074074074075
4 0.21145833333333333 0.2712962962962963 0.09427083333333333 0.08148148148148149
4 0.32395833333333335 0.7694444444444445 0.09583333333333334 0.09814814814814815
4 0.6786458333333333 0.6935185185185185 0.0890625 0.05740740740740741
4 0.5317708333333333 0.5231481481481481 0.08645833333333333 0.06018518518518518
4 0.7244791666666667 0.26296296296296295 0.09010416666666667 0.08055555555555556
4 0.3796875 0.34074074074074073 0.09739583333333333 0.08611111111111111
1 0.40520833333333334 0.08611111111111111 0.20989583333333334 0.4425925925925926
2 0.5786458333333333 0.13703703703703704 0.04114583333333333 0.13796296296296295
2 0.5369791666666667 0.5018518518518519 0.0375 0.24814814814814815
2 0.39739583333333334 0.45740740740740743 0.033854166666666664 0.12222222222222222
2 0.40520833333333334 0.0824074074074074 0.0359375 0.13333333333333333
8 0.4640625 0.000925925925925926 0.06302083333333333 0.16111111111111112
11 0.48385416666666664 0.15462962962962962 0.026041666666666668 0.037037037037037035
