4 0.06666666666666667 0.35185185185185186 0.13697916666666668 0.10648148148148148
4 0.22083333333333333 0.3490740740740741 0.13125 0.06481481481481481
4 0.08854166666666667 0.7648148148148148 0.12916666666666668 0.08055555555555556
4 0.20416666666666666 0.7296296296296296 0.12760416666666666 0.07407407407407407
4 0.6192708333333333 0.8333333333333334 0.14322916666666666 0.1
4 0.7265625 0.7944444444444444 0.1390625 0.10925925925925926
4 0.5833333333333334 0.4148148148148148 0.14375 0.10185185185185185
4 0.7338541666666667 0.3824074074074074 0.1375 0.12685185185185185
2 0.375 0.6537037037037037 0.05520833333333333 0.18055555555555555
2 0.5041666666666667 0.6287037037037037 0.0515625 0.1685185185185185
2 0.3703125 0.1685185185185185 0.04895833333333333 0.18611111111111112
2 0.50625 0.14351851851851852 0.04791666666666667 0.18518518518518517
8 0.4192708333333333 0.000925925925925926 0.09166666666666666 0.21481481481481482
11 0.453125 0.2074074074074074 0.0296875 0.058333333333333334
