4 0.1578125 0.2972222222222222 0.11302083333333333 0.08611111111111111
4 0.35208333333333336 0.2675925925925926 0.10677083333333333 0.0787037037037037
4 0.3572916666666667 0.6592592592592592 0.10260416666666666 0.07222222222222222
4 0.17552083333333332 0.8324074074074074 0.10885416666666667 0.08055555555555556
4 0.6213541666666667 0.8870370370370371 0.12447916666666667 0.09166666666666666
4 0.5994791666666667 0.3296296296296296 0.1234375 0.11481481481481481
4 0.7838541666666666 0.29259259259259257 0.11979166666666667 0.10833333333333334
2 0.43645833333333334 0.5675925925925925 0.0453125 0.3055555555555556
2 0.5984375 0.5527777777777778 0.042708333333333334 0.1388888888888889
2 0.3958333333333333 0.10833333333333334 0.0453125 0.16666666666666666
2 0.5895833333333333 0.09074074074074075 0.04375 0.15185185185185185
1 0.40260416666666665 0.08888888888888889 0.228125 0.5111111111111111
8 0.4953125 0.000925925925925926 0.075 0.1527777777777778
11 0.5208333333333334 0.15185185185185185 0.025520833333333333 0.04814814814814815
