8 0.4921875 0.000925925925925926 0.08020833333333334 0.09259259259259259
11 0.5208333333333334 0.08148148148148149 0.0234375 0.05555555555555555
1 0.3921875 0.040740740740740744 0.24583333333333332 0.5203703703703704
2 0.38958333333333334 0.03611111111111111 0.04583333333333333 0.1675925925925926
2 0.5973958333333333 0.040740740740740744 0.041666666666666664 0.15925925925925927
2 0.6041666666666666 0.5268518518518519 0.044270833333333336 0.15185185185185185
2 0.43072916666666666 0.5268518518518519 0.04375 0.3212962962962963
4 0.346875 0.6564814814814814 0.109375 0.08148148148148149
4 0.153125 0.8222222222222222 0.11458333333333333 0.07962962962962963
4 0.628125 0.8564814814814815 0.13072916666666667 0.09259259259259259
4 0.8046875 0.6814814814814815 0.12708333333333333 0.08611111111111111
4 0.8 0.24166666666666667 0.12604166666666666 0.10277777777777777
4 0.6026041666666667 0.24259259259259258 0.13072916666666667 0.11666666666666667
4 0.33645833333333336 0.24444444444444444 0.12135416666666667 0.07777777777777778
4 0.13489583333333333 0.23981481481481481 0.1171875 0.09444444444444444
