1 0.2942708333333333 0.025925925925925925 0.2609375 0.5592592592592592
2 0.334375 0.5731481481481482 0.0421875 0.2898148148148148
2 0.278125 0.16111111111111112 0.041666666666666664 0.15555555555555556
2 0.5192708333333333 0.026851851851851852 0.0375 0.15
4 0.6947916666666667 0.6453703703703704 0.10208333333333333 0.09907407407407408
4 0.6947916666666667 0.26481481481481484 0.10572916666666667 0.11944444444444445
4 0.11354166666666667 0.712037037037037 0.09635416666666667 0.07685185185185185
4 0.4979166666666667 0.9018518518518519 0.10572916666666667 0.09444444444444444
4 0.07291666666666667 0.22037037037037038 0.09583333333333334 0.09074074074074075
4 0.459375 0.4064814814814815 0.10625 0.11388888888888889
4 0.30572916666666666 0.08796296296296297 0.09635416666666667 0.09537037037037037
