4 0.6171875 0.412962962962963 0.14739583333333334 0.12037037037037036
4 0.7421875 0.35555555555555557 0.14375 0.13148148148148148
4 0.7286458333333333 0.7601851851851852 0.14635416666666667 0.1111111111111111
4 0.646875 0.8287037037037037 0.15052083333333333 0.11481481481481481
4 0.1640625 0.7092592592592593 0.1375 0.08888888888888889
4 0.0703125 0.7574074074074074 0.13958333333333334 0.10462962962962963
4 0.057291666666666664 0.3509259259259259 0.13958333333333334 0.12777777777777777
4 0.19739583333333333 0.3 0.1359375 0.09074074074074075
2 0.3927083333333333 0.6361111111111111 0.050520833333333334 0.175
2 0.5005208333333333 0.5796296296296296 0.046875 0.18055555555555555
2 0.3859375 0.15185185185185185 0.05260416666666667 0.18703703703703703
2 0.5010416666666667 0.1 0.04479166666666667 0.1824074074074074
1 0.40729166666666666 0.10185185185185185 0.134375 0.5537037037037037
