1 0.3770833333333333 0.10648148148148148 0.24427083333333333 0.42685185185185187
4 0.7291666666666666 0.275 0.09322916666666667 0.08425925925925926
4 0.7296875 0.6194444444444445 0.0890625 0.06759259259259259
4 0.5802083333333333 0.7324074074074074 0.09270833333333334 0.08148148148148149
4 0.24114583333333334 0.7324074074074074 0.08072916666666667 0.06759259259259259
4 0.20208333333333334 0.28055555555555556 0.0875 0.07685185185185185
4 0.39375 0.29444444444444445 0.07447916666666667 0.07777777777777778
4 0.5255208333333333 0.2601851851851852 0.090625 0.08518518518518518
4 0.39895833333333336 0.6194444444444445 0.078125 0.06481481481481481
2 0.3776041666666667 0.10925925925925926 0.033854166666666664 0.12777777777777777
2 0.5697916666666667 0.1287037037037037 0.033854166666666664 0.12407407407407407
2 0.5869791666666667 0.5138888888888888 0.0328125 0.11296296296296296
2 0.4322916666666667 0.49166666666666664 0.029166666666666667 0.2490740740740741
