4 0.675 0.7666666666666667 0.15520833333333334 0.11481481481481481
4 0.7484375 0.6722222222222223 0.15260416666666668 0.09814814814814815
4 0.6640625 0.34629629629629627 0.1546875 0.10833333333333334
4 0.7864583333333334 0.2564814814814815 0.15052083333333333 0.12407407407407407
4 0.17083333333333334 0.5777777777777777 0.1453125 0.09074074074074075
4 0.08072916666666667 0.674074074074074 0.14739583333333334 0.08425925925925926
4 0.071875 0.2490740740740741 0.146875 0.1
4 0.20416666666666666 0.1638888888888889 0.14375 0.09537037037037037
2 0.41822916666666665 0.6268518518518519 0.05 0.15648148148148147
2 0.5177083333333333 0.5537037037037037 0.05 0.1388888888888889
2 0.42239583333333336 0.14074074074074075 0.049479166666666664 0.16018518518518518
