4 0.15989583333333332 0.3787037037037037 0.115625 0.0962962962962963
4 0.31197916666666664 0.33240740740740743 0.1140625 0.08518518518518518
4 0.6026041666666667 0.44814814814814813 0.12552083333333333 0.1111111111111111
4 0.7583333333333333 0.4 0.12708333333333333 0.12037037037037036
4 0.7432291666666667 0.7527777777777778 0.121875 0.10185185185185185
4 0.6364583333333333 0.8138888888888889 0.12239583333333333 0.10740740740740741
4 0.2864583333333333 0.6842592592592592 0.11354166666666667 0.08425925925925926
4 0.175 0.7416666666666667 0.11510416666666666 0.07685185185185185
1 0.43020833333333336 0.1638888888888889 0.1640625 0.5018518518518519
8 0.4708333333333333 0.000925925925925926 0.08125 0.24074074074074073
11 0.5036458333333333 0.2351851851851852 0.023958333333333335 0.05092592592592592
2 0.42864583333333334 0.6388888888888888 0.046875 0.15555555555555556
2 0.5520833333333334 0.5907407407407408 0.0453125 0.15092592592592594
2 0.41875 0.2074074074074074 0.04895833333333333 0.16944444444444445
2 0.5546875 0.16203703703703703 0.04791666666666667 0.1638888888888889
