11 0.5145833333333333 0.09722222222222222 0.025520833333333333 0.05092592592592592
8 0.4828125 0.000925925925925926 0.0890625 0.1037037037037037
1 0.3489583333333333 0.000925925925925926 0.32708333333333334 0.6314814814814815
2 0.34427083333333336 0.06944444444444445 0.051041666666666666 0.18703703703703703
2 0.6208333333333333 0.000925925925925926 0.050520833333333334 0.17592592592592593
2 0.6359375 0.5472222222222223 0.049479166666666664 0.17037037037037037
2 0.4171875 0.5972222222222222 0.05260416666666667 0.3527777777777778
4 0.15208333333333332 0.8666666666666667 0.11979166666666667 0.08518518518518518
4 0.09635416666666667 0.24444444444444444 0.11510416666666666 0.08611111111111111
4 0.8322916666666667 0.7509259259259259 0.12552083333333333 0.11481481481481481
4 0.8234375 0.2851851851851852 0.12395833333333334 0.13240740740740742
4 0.5427083333333333 0.3611111111111111 0.12760416666666666 0.14444444444444443
