4 0.09375 0.3490740740740741 0.09739583333333333 0.06944444444444445
4 0.14010416666666667 0.8333333333333334 0.0953125 0.07407407407407407
4 0.31197916666666664 0.6537037037037037 0.0890625 0.06851851851851852
4 0.6692708333333334 0.7379629629629629 0.09635416666666667 0.09722222222222222
4 0.6635416666666667 0.38055555555555554 0.09635416666666667 0.10555555555555556
4 0.4479166666666667 0.4425925925925926 0.0984375 0.10648148148148148
4 0.5026041666666666 0.924074074074074 0.096875 0.07592592592592592
8 0.396875 0.000925925925925926 0.0703125 0.24444444444444444
1 0.29791666666666666 0.15555555555555556 0.24895833333333334 0.49537037037037035
2 0.346875 0.6240740740740741 0.044270833333333336 0.27870370370370373
2 0.29010416666666666 0.21574074074074073 0.04114583333333333 0.14907407407407408
2 0.5041666666666667 0.15555555555555556 0.03854166666666667 0.14722222222222223
2 0.5151041666666667 0.5851851851851851 0.04114583333333333 0.13148148148148148
