4 0.1640625 0.6148148148148148 0.1015625 0.1111111111111111
4 0.19739583333333333 0.2518518518518518 0.103125 0.09166666666666666
4 0.334375 0.8287037037037037 0.10729166666666666 0.10925925925925926
4 0.7291666666666666 0.7092592592592593 0.1015625 0.07222222222222222
4 0.5630208333333333 0.5074074074074074 0.096875 0.05555555555555555
4 0.7859375 0.2351851851851852 0.1 0.07685185185185185
2 0.6203125 0.11388888888888889 0.04114583333333333 0.15092592592592594
2 0.5713541666666667 0.512962962962963 0.03854166666666667 0.275
2 0.40520833333333334 0.4444444444444444 0.0390625 0.1361111111111111
1 0.41354166666666664 0.018518518518518517 0.240625 0.5212962962962963
8 0.4859375 0.000925925925925926 0.06822916666666666 0.12222222222222222
11 0.5078125 0.1175925925925926 0.025 0.03888888888888889
