1 0.3770833333333333 0.12129629629629629 0.3104166666666667 0.49166666666666664
2 0.5833333333333334 0.5916666666666667 0.041666666666666664 0.28703703703703703
2 0.6505208333333333 0.15 0.03958333333333333 0.15462962962962962
2 0.3859375 0.5712962962962963 0.0359375 0.1388888888888889
2 0.4015625 0.125 0.036458333333333336 0.14722222222222223
4 0.19010416666666666 0.33611111111111114 0.10052083333333334 0.08703703703703704
4 0.15572916666666667 0.7324074074074074 0.09895833333333333 0.09907407407407408
4 0.3625 0.9064814814814814 0.09895833333333333 0.09351851851851851
4 0.7395833333333334 0.8333333333333334 0.09427083333333333 0.07037037037037037
4 0.5302083333333333 0.6657407407407407 0.08385416666666666 0.06851851851851852
4 0.8098958333333334 0.31666666666666665 0.08385416666666666 0.08333333333333333
4 0.44166666666666665 0.37962962962962965 0.096875 0.08981481481481482
