1 0.40572916666666664 0.14814814814814814 0.2546875 0.4203703703703704
4 0.2515625 0.32407407407407407 0.0765625 0.075
4 0.23489583333333333 0.6583333333333333 0.07760416666666667 0.08055555555555556
4 0.4114583333333333 0.7962962962962963 0.07864583333333333 0.0824074074074074
4 0.6911458333333333 0.7092592592592593 0.07552083333333333 0.049074074074074076
4 0.5203125 0.5777777777777777 0.07239583333333334 0.06111111111111111
4 0.74375 0.27870370370370373 0.07291666666666667 0.06666666666666667
2 0.5802083333333333 0.5305555555555556 0.035416666666666666 0.2462962962962963
2 0.40520833333333334 0.5203703703703704 0.03333333333333333 0.12129629629629629
2 0.628125 0.1638888888888889 0.0375 0.13055555555555556
2 0.4114583333333333 0.15092592592592594 0.035416666666666666 0.12222222222222222
4 0.4744791666666667 0.3509259259259259 0.075 0.07685185185185185
