4 0.6890625 0.674074074074074 0.13020833333333334 0.11481481481481481
4 0.6104166666666667 0.7222222222222222 0.13072916666666667 0.09351851851851851
4 0.59375 0.35185185185185186 0.13229166666666667 0.08611111111111111
4 0.24895833333333334 0.3111111111111111 0.1265625 0.06574074074074074
4 0.11875 0.3101851851851852 0.11979166666666667 0.0962962962962963
4 0.125 0.6620370370370371 0.12135416666666667 0.09166666666666666
2 0.39114583333333336 0.5685185185185185 0.05416666666666667 0.15648148148148147
2 0.496875 0.5537037037037037 0.041666666666666664 0.15
2 0.4041666666666667 0.14074074074074075 0.04791666666666667 0.16574074074074074
2 0.5046875 0.13518518518518519 0.04791666666666667 0.15555555555555556
1 0.409375 0.13703703703703704 0.13125 0.42314814814814816
