1 0.409375 0.016666666666666666 0.19375 0.5611111111111111
4 0.7848958333333333 0.26296296296296295 0.1328125 0.13333333333333333
4 0.603125 0.29444444444444445 0.13645833333333332 0.12222222222222222
4 0.7630208333333334 0.6787037037037037 0.13541666666666666 0.11296296296296296
4 0.634375 0.7212962962962963 0.13385416666666666 0.11018518518518519
4 0.25625 0.6138888888888889 0.12916666666666668 0.07592592592592592
4 0.1171875 0.6574074074074074 0.13229166666666667 0.07777777777777778
4 0.1046875 0.23148148148148148 0.13229166666666667 0.11944444444444445
4 0.29270833333333335 0.20462962962962963 0.11979166666666667 0.08333333333333333
2 0.39895833333333336 0.04537037037037037 0.053125 0.19166666666666668
2 0.5625 0.017592592592592594 0.0515625 0.18425925925925926
2 0.4036458333333333 0.5407407407407407 0.05 0.18055555555555555
2 0.5494791666666666 0.5092592592592593 0.05 0.175
