1 0.3963541666666667 0.06574074074074074 0.18385416666666668 0.5407407407407407
4 0.240625 0.2601851851851852 0.13489583333333333 0.09814814814814815
4 0.06822916666666666 0.2657407407407407 0.13958333333333334 0.11851851851851852
4 0.07708333333333334 0.7064814814814815 0.140625 0.08055555555555556
4 0.20625 0.6861111111111111 0.13072916666666667 0.09351851851851851
4 0.634375 0.7601851851851852 0.14739583333333334 0.10648148148148148
4 0.7447916666666666 0.725 0.14947916666666666 0.12129629629629629
4 0.6119791666666666 0.30462962962962964 0.15 0.12129629629629629
2 0.39166666666666666 0.06388888888888888 0.0578125 0.20277777777777778
2 0.384375 0.5842592592592593 0.05364583333333333 0.1824074074074074
2 0.51875 0.5648148148148148 0.059895833333333336 0.18055555555555555
2 0.5333333333333333 0.06388888888888888 0.052083333333333336 0.18981481481481483
11 0.47239583333333335 0.11481481481481481 0.033854166666666664 0.06759259259259259
