1 0.353125 0.062037037037037036 0.3109375 0.46574074074074073
4 0.19739583333333333 0.2175925925925926 0.07916666666666666 0.06759259259259259
4 0.24583333333333332 0.7129629629629629 0.08125 0.06296296296296296
4 0.53125 0.7953703703703704 0.08802083333333334 0.08611111111111111
4 0.759375 0.6481481481481481 0.0828125 0.07685185185185185
4 0.7473958333333334 0.2657407407407407 0.08541666666666667 0.10277777777777777
4 0.4630208333333333 0.5722222222222222 0.07604166666666666 0.05648148148148148
2 0.6317708333333333 0.4981481481481482 0.03958333333333333 0.13055555555555556
2 0.4109375 0.5138888888888888 0.03958333333333333 0.26851851851851855
2 0.3463541666666667 0.08055555555555556 0.042708333333333334 0.14722222222222223
2 0.6140625 0.07314814814814814 0.0390625 0.1425925925925926
4 0.4796875 0.2953703703703704 0.084375 0.09537037037037037
