1 0.2625 0.003703703703703704 0.32708333333333334 0.5814814814814815
2 0.321875 0.525 0.0484375 0.3175925925925926
2 0.25833333333333336 0.04259259259259259 0.0453125 0.16944444444444445
2 0.5380208333333333 0.000925925925925926 0.0421875 0.16203703703703703
2 0.5458333333333333 0.49537037037037035 0.04479166666666667 0.15092592592592594
4 0.5005208333333333 0.8925925925925926 0.10520833333333333 0.09907407407407408
4 0.725 0.24074074074074073 0.11145833333333334 0.11481481481481481
4 0.7166666666666667 0.6685185185185185 0.1125 0.10185185185185185
4 0.10260416666666666 0.7472222222222222 0.09114583333333333 0.075
4 0.05364583333333333 0.18703703703703703 0.10416666666666667 0.075
4 0.4401041666666667 0.2972222222222222 0.10989583333333333 0.11851851851851852
