1 0.39895833333333336 0.013888888888888888 0.32864583333333336 0.549074074074074
2 0.6302083333333334 0.5111111111111111 0.043229166666666666 0.33240740740740743
2 0.39166666666666666 0.525 0.044270833333333336 0.15833333333333333
2 0.6895833333333333 0.017592592592592594 0.04791666666666667 0.17222222222222222
2 0.40260416666666665 0.013888888888888888 0.04635416666666667 0.16574074074074074
4 0.14895833333333333 0.6787037037037037 0.10625 0.09259259259259259
4 0.38333333333333336 0.8444444444444444 0.10416666666666667 0.10833333333333334
4 0.790625 0.7888888888888889 0.1 0.0712962962962963
4 0.853125 0.19444444444444445 0.0984375 0.09907407407407408
4 0.4765625 0.22962962962962963 0.10416666666666667 0.10277777777777777
4 0.1796875 0.22407407407407406 0.10729166666666666 0.09351851851851851
4 0.5567708333333333 0.6287037037037037 0.0953125 0.07037037037037037
