1 0.3807291666666667 0.025925925925925925 0.184375 0.5916666666666667
4 0.18541666666666667 0.22407407407407406 0.15208333333333332 0.0962962962962963
4 0.03177083333333333 0.26944444444444443 0.14375 0.10833333333333334
4 0.18541666666666667 0.6620370370370371 0.14114583333333333 0.08796296296296297
4 0.041666666666666664 0.7055555555555556 0.14895833333333333 0.09259259259259259
4 0.6390625 0.7611111111111111 0.15677083333333333 0.10833333333333334
4 0.7619791666666667 0.7194444444444444 0.15625 0.10092592592592593
4 0.6057291666666667 0.30833333333333335 0.15729166666666666 0.11666666666666667
4 0.7682291666666666 0.2564814814814815 0.15104166666666666 0.13425925925925927
2 0.38125 0.5935185185185186 0.05520833333333333 0.19166666666666668
2 0.51875 0.5509259259259259 0.05572916666666667 0.1787037037037037
2 0.3697916666666667 0.0712962962962963 0.058854166666666666 0.19814814814814816
2 0.51875 0.03333333333333333 0.05416666666666667 0.18981481481481483
