1 0.3703125 0.013888888888888888 0.32760416666666664 0.5222222222222223
4 0.16875 0.23333333333333334 0.10260416666666666 0.09259259259259259
4 0.14114583333333333 0.6611111111111111 0.1 0.09074074074074075
4 0.36822916666666666 0.8555555555555555 0.10052083333333334 0.10092592592592593
4 0.7296875 0.7518518518518519 0.09270833333333334 0.07222222222222222
4 0.8130208333333333 0.19907407407407407 0.08854166666666667 0.09259259259259259
4 0.5041666666666667 0.5685185185185185 0.08958333333333333 0.06851851851851852
4 0.45364583333333336 0.287962962962963 0.10104166666666667 0.08703703703703704
2 0.5927083333333333 0.5277777777777778 0.043229166666666666 0.3148148148148148
2 0.3651041666666667 0.49907407407407406 0.04375 0.14907407407407408
2 0.6572916666666667 0.05555555555555555 0.0453125 0.1685185185185185
2 0.3770833333333333 0.024074074074074074 0.044270833333333336 0.15833333333333333
