1 0.3625 0.19166666666666668 0.3078125 0.4546296296296296
4 0.7348958333333333 0.34629629629629627 0.0640625 0.08518518518518518
4 0.6692708333333334 0.8268518518518518 0.06927083333333334 0.06481481481481481
4 0.4140625 0.8953703703703704 0.07916666666666666 0.10462962962962963
4 0.4510416666666667 0.6935185185185185 0.07447916666666667 0.05648148148148148
4 0.18072916666666666 0.7537037037037037 0.08020833333333334 0.09907407407407408
4 0.21510416666666668 0.3768518518518518 0.07760416666666667 0.08333333333333333
2 0.35052083333333334 0.6129629629629629 0.0359375 0.12129629629629629
2 0.5661458333333333 0.6074074074074074 0.0390625 0.2675925925925926
2 0.634375 0.1925925925925926 0.03958333333333333 0.14722222222222223
2 0.3645833333333333 0.19166666666666668 0.0390625 0.13425925925925927
