1 0.43125 0.20092592592592592 0.15364583333333334 0.4425925925925926
4 0.6109375 0.39351851851851855 0.121875 0.0962962962962963
4 0.303125 0.38425925925925924 0.11041666666666666 0.09259259259259259
4 0.16927083333333334 0.3814814814814815 0.11197916666666667 0.09537037037037037
4 0.171875 0.7324074074074074 0.11041666666666666 0.07685185185185185
4 0.6380208333333334 0.7546296296296297 0.11927083333333334 0.09259259259259259
4 0.73125 0.7564814814814815 0.11875 0.08148148148148149
2 0.43072916666666666 0.6074074074074074 0.03958333333333333 0.1537037037037037
2 0.5427083333333333 0.6064814814814815 0.04114583333333333 0.15
2 0.42604166666666665 0.19537037037037036 0.0484375 0.14722222222222223
2 0.5479166666666667 0.20925925925925926 0.044270833333333336 0.14537037037037037
