1 0.24114583333333334 0.000925925925925926 0.4005208333333333 0.5370370370370371
2 0.32083333333333336 0.5157407407407407 0.053125 0.3592592592592593
2 0.6057291666666667 0.5027777777777778 0.04583333333333333 0.16944444444444445
2 0.23489583333333333 0.000925925925925926 0.0484375 0.15555555555555556
4 0.0453125 0.15833333333333333 0.10052083333333334 0.09259259259259259
4 0.11875 0.8 0.09427083333333333 0.0824074074074074
4 0.3880208333333333 0.6037037037037037 0.09635416666666667 0.08611111111111111
4 0.47708333333333336 0.8759259259259259 0.1078125 0.10462962962962963
4 0.7635416666666667 0.6685185185185185 0.11145833333333334 0.10277777777777777
4 0.7505208333333333 0.1574074074074074 0.11145833333333334 0.11851851851851852
4 0.3984375 0.1962962962962963 0.10833333333333334 0.13055555555555556
