1 0.29270833333333335 0.14722222222222223 0.275 0.4824074074074074
4 0.13958333333333334 0.837037037037037 0.09322916666666667 0.08055555555555556
4 0.5057291666666667 0.9018518518518519 0.10416666666666667 0.08611111111111111
4 0.6838541666666667 0.7342592592592593 0.10572916666666667 0.08333333333333333
4 0.6875 0.3416666666666667 0.10208333333333333 0.10925925925925926
4 0.0984375 0.32592592592592595 0.0921875 0.07685185185185185
4 0.4546875 0.3648148148148148 0.10572916666666667 0.10555555555555556
2 0.3463541666666667 0.600925925925926 0.036458333333333336 0.28055555555555556
2 0.5296875 0.5916666666666667 0.035416666666666666 0.1287037037037037
2 0.28854166666666664 0.15462962962962962 0.040625 0.15648148148148147
2 0.5171875 0.1537037037037037 0.03958333333333333 0.14444444444444443
