4 0.1390625 0.7620370370370371 0.12135416666666667 0.08611111111111111
4 0.25833333333333336 0.7324074074074074 0.11666666666666667 0.06481481481481481
4 0.125 0.3888888888888889 0.12291666666666666 0.09537037037037037
4 0.2833333333333333 0.37777777777777777 0.121875 0.07037037037037037
4 0.5942708333333333 0.4185185185185185 0.12916666666666668 0.10185185185185185
4 0.7442708333333333 0.39814814814814814 0.12864583333333332 0.11018518518518519
4 0.7291666666666666 0.7768518518518519 0.12864583333333332 0.09259259259259259
4 0.6182291666666667 0.8 0.12864583333333332 0.1037037037037037
2 0.4041666666666667 0.6777777777777778 0.049479166666666664 0.14074074074074075
2 0.53125 0.6537037037037037 0.050520833333333334 0.13240740740740742
2 0.4 0.23148148148148148 0.05364583333333333 0.15092592592592594
2 0.5489583333333333 0.21666666666666667 0.03697916666666667 0.14351851851851852
11 0.5463541666666667 0.07407407407407407 0.05 0.14629629629629629
1 0.4109375 0.18611111111111112 0.16979166666666667 0.5268518518518519
7 0.3489583333333333 0.000925925925925926 0.11822916666666666 0.19907407407407407
7 0.53125 0.000925925925925926 0.10416666666666667 0.1814814814814815
