1 0.34739583333333335 0.07685185185185185 0.309375 0.5194444444444445
4 0.4395833333333333 0.5981481481481481 0.0828125 0.06481481481481481
4 0.22604166666666667 0.774074074074074 0.08645833333333333 0.07777777777777778
4 0.17447916666666666 0.2574074074074074 0.090625 0.07777777777777778
4 0.5510416666666667 0.8851851851851852 0.096875 0.09166666666666666
4 0.7703125 0.6833333333333333 0.09479166666666666 0.1
4 0.7578125 0.2861111111111111 0.096875 0.11018518518518519
4 0.48854166666666665 0.3472222222222222 0.09895833333333333 0.11574074074074074
7 0.471875 0.000925925925925926 0.1 0.09722222222222222
11 0.4973958333333333 0.08981481481481482 0.04114583333333333 0.11018518518518519
2 0.40625 0.5685185185185185 0.04583333333333333 0.2953703703703704
2 0.6229166666666667 0.5388888888888889 0.04375 0.13796296296296295
2 0.6083333333333333 0.07407407407407407 0.043229166666666666 0.15833333333333333
2 0.3411458333333333 0.1259259259259259 0.04583333333333333 0.1638888888888889
