4 0.15572916666666667 0.7277777777777777 0.09270833333333334 0.07407407407407407
4 0.10729166666666666 0.21388888888888888 0.1015625 0.0787037037037037
4 0.5276041666666667 0.8407407407407408 0.1078125 0.10925925925925926
4 0.35260416666666666 0.5314814814814814 0.09427083333333333 0.06574074074074074
4 0.7286458333333333 0.6166666666666667 0.1078125 0.10555555555555556
4 0.7166666666666667 0.22962962962962963 0.11145833333333334 0.11851851851851852
4 0.4734375 0.3175925925925926 0.11354166666666667 0.12685185185185185
2 0.303125 0.06296296296296296 0.044270833333333336 0.16111111111111112
2 0.36822916666666666 0.5027777777777778 0.04375 0.2953703703703704
2 0.5677083333333334 0.44907407407407407 0.04479166666666667 0.1398148148148148
2 0.5526041666666667 0.000925925925925926 0.042708333333333334 0.1425925925925926
1 0.30885416666666665 0.000925925925925926 0.28854166666666664 0.5259259259259259
11 0.4484375 0.014814814814814815 0.046875 0.11296296296296296
