4 0.23333333333333334 0.3490740740740741 0.08802083333333334 0.07592592592592592
4 0.21302083333333333 0.6787037037037037 0.08333333333333333 0.09537037037037037
4 0.3776041666666667 0.8324074074074074 0.08697916666666666 0.09074074074074075
4 0.5098958333333333 0.6194444444444445 0.078125 0.05925925925925926
4 0.6796875 0.7611111111111111 0.07552083333333333 0.053703703703703705
4 0.7385416666666667 0.30925925925925923 0.07604166666666666 0.08148148148148149
4 0.44375 0.37592592592592594 0.08489583333333334 0.08888888888888889
2 0.6171875 0.17407407407407408 0.033854166666666664 0.1388888888888889
2 0.5645833333333333 0.5509259259259259 0.03697916666666667 0.2564814814814815
2 0.3953125 0.5351851851851852 0.0359375 0.12777777777777777
2 0.39947916666666666 0.14907407407407408 0.04010416666666667 0.1361111111111111
7 0.465625 0.000925925925925926 0.08229166666666667 0.15833333333333333
11 0.4895833333333333 0.15925925925925927 0.034895833333333334 0.08703703703703704
1 0.403125 0.1537037037037037 0.24270833333333333 0.43148148148148147
