1 0.3921875 0.21666666666666667 0.16510416666666666 0.4324074074074074
4 0.14322916666666666 0.41388888888888886 0.1078125 0.0962962962962963
4 0.28854166666666664 0.39814814814814814 0.11041666666666666 0.08148148148148149
4 0.15208333333333332 0.7518518518518519 0.11302083333333333 0.07685185185185185
4 0.5875 0.7851851851851852 0.1140625 0.10648148148148148
4 0.6984375 0.7657407407407407 0.1171875 0.09351851851851851
4 0.7067708333333333 0.4203703703703704 0.1140625 0.11388888888888889
4 0.5588541666666667 0.43703703703703706 0.1125 0.09907407407407408
2 0.3958333333333333 0.6296296296296297 0.0453125 0.1537037037037037
2 0.5213541666666667 0.6148148148148148 0.04375 0.14629629629629629
2 0.5213541666666667 0.21666666666666667 0.041666666666666664 0.15462962962962962
2 0.3854166666666667 0.22777777777777777 0.04583333333333333 0.15555555555555556
11 0.4588541666666667 0.20092592592592592 0.03802083333333333 0.1111111111111111
7 0.42916666666666664 0.000925925925925926 0.09895833333333333 0.21203703703703702
