1 0.28177083333333336 0.016666666666666666 0.36614583333333334 0.6518518518518519
4 0.03125 0.23425925925925925 0.12083333333333333 0.10277777777777777
4 0.08697916666666666 0.9120370370370371 0.11822916666666666 0.08518518518518518
4 0.34739583333333335 0.674074074074074 0.11354166666666667 0.08888888888888889
4 0.8005208333333333 0.8148148148148148 0.14114583333333333 0.12222222222222222
4 0.8036458333333333 0.29444444444444445 0.13489583333333333 0.14907407407407408
2 0.34322916666666664 0.6416666666666667 0.0578125 0.35833333333333334
2 0.6057291666666667 0.6027777777777777 0.05416666666666667 0.175
2 0.275 0.05555555555555555 0.057291666666666664 0.21574074074074073
2 0.5958333333333333 0.011111111111111112 0.0546875 0.19907407407407407
11 0.4708333333333333 0.019444444444444445 0.05364583333333333 0.14074074074074075
4 0.48802083333333335 0.36666666666666664 0.1375 0.15092592592592594
