4 0.1859375 0.3333333333333333 0.115625 0.10740740740740741
4 0.3203125 0.3537037037037037 0.1140625 0.11944444444444445
4 0.7317708333333334 0.2814814814814815 0.1109375 0.08518518518518518
4 0.5984375 0.2675925925925926 0.11302083333333333 0.09814814814814815
4 0.7447916666666666 0.6472222222222223 0.1125 0.08981481481481482
4 0.6 0.6268518518518519 0.10625 0.05648148148148148
4 0.3182291666666667 0.7148148148148148 0.11770833333333333 0.10740740740740741
4 0.16822916666666668 0.6981481481481482 0.11510416666666666 0.11296296296296296
2 0.5604166666666667 0.5444444444444444 0.04739583333333333 0.15555555555555556
2 0.42552083333333335 0.524074074074074 0.04739583333333333 0.15648148148148147
2 0.56875 0.10277777777777777 0.04479166666666667 0.1685185185185185
2 0.42239583333333336 0.09351851851851851 0.04739583333333333 0.16111111111111112
11 0.49322916666666666 0.08611111111111111 0.043229166666666666 0.10740740740740741
1 0.4276041666666667 0.08796296296296297 0.1765625 0.48518518518518516
7 0.4609375 0.000925925925925926 0.10572916666666667 0.09166666666666666
