1 0.35052083333333334 0.000925925925925926 0.2734375 0.45092592592592595
4 0.14739583333333334 0.14722222222222223 0.0984375 0.075
4 0.19375 0.6583333333333333 0.09427083333333333 0.07222222222222222
4 0.5651041666666666 0.7277777777777777 0.10625 0.09259259259259259
4 0.7546875 0.5509259259259259 0.10104166666666667 0.09537037037037037
4 0.7348958333333333 0.16666666666666666 0.1078125 0.10462962962962963
4 0.3723958333333333 0.4935185185185185 0.09375 0.06666666666666667
2 0.4078125 0.41759259259259257 0.042708333333333334 0.28888888888888886
2 0.5927083333333333 0.3990740740740741 0.04114583333333333 0.14074074074074075
2 0.3453125 0.000925925925925926 0.040625 0.1388888888888889
2 0.5755208333333334 0.000925925925925926 0.04010416666666667 0.0962962962962963
4 0.5078125 0.21296296296296297 0.1078125 0.10925925925925926
