1 0.38177083333333334 0.10648148148148148 0.1796875 0.5768518518518518
4 0.17395833333333333 0.38055555555555554 0.15052083333333333 0.13425925925925927
4 0.05677083333333333 0.3537037037037037 0.1484375 0.10555555555555556
4 0.033854166666666664 0.7870370370370371 0.15052083333333333 0.1111111111111111
4 0.18072916666666666 0.8166666666666667 0.15572916666666667 0.11944444444444445
4 0.5953125 0.7324074074074074 0.14322916666666666 0.07592592592592592
4 0.7453125 0.7694444444444445 0.14270833333333333 0.10185185185185185
4 0.7317708333333334 0.33611111111111114 0.13645833333333332 0.09814814814814815
4 0.6052083333333333 0.32685185185185184 0.128125 0.09537037037037037
2 0.5145833333333333 0.13240740740740742 0.05364583333333333 0.19444444444444445
2 0.37552083333333336 0.10833333333333334 0.053125 0.19166666666666668
2 0.37916666666666665 0.6138888888888889 0.05520833333333333 0.1814814814814815
2 0.509375 0.6472222222222223 0.05625 0.1814814814814815
11 0.4421875 0.0962962962962963 0.04583333333333333 0.14074074074074075
