1 0.440625 0.14537037037037037 0.24947916666666667 0.4212962962962963
11 0.5296875 0.14166666666666666 0.0375 0.09537037037037037
7 0.509375 0.000925925925925926 0.0859375 0.15555555555555556
4 0.7822916666666667 0.2953703703703704 0.07708333333333334 0.07962962962962963
4 0.73125 0.7574074074074074 0.07552083333333333 0.05648148148148148
4 0.4161458333333333 0.7935185185185185 0.08489583333333334 0.08425925925925926
4 0.5401041666666667 0.6111111111111112 0.08020833333333334 0.05925925925925926
4 0.24114583333333334 0.65 0.0859375 0.07685185185185185
4 0.26979166666666665 0.3055555555555556 0.08489583333333334 0.07314814814814814
4 0.48125 0.32685185185185184 0.0875 0.075
2 0.6020833333333333 0.5444444444444444 0.0390625 0.25555555555555554
2 0.65625 0.15648148148148147 0.040625 0.13425925925925927
2 0.4427083333333333 0.14444444444444443 0.03802083333333333 0.12685185185185185
2 0.42864583333333334 0.5268518518518519 0.03697916666666667 0.12685185185185185
