4 0.09479166666666666 0.6712962962962963 0.08958333333333333 0.09722222222222222
4 0.13020833333333334 0.24351851851851852 0.08854166666666667 0.1037037037037037
4 0.40572916666666664 0.575 0.08541666666666667 0.07685185185185185
4 0.33645833333333336 0.8388888888888889 0.08645833333333333 0.11481481481481481
4 0.6375 0.7416666666666667 0.08020833333333334 0.08148148148148149
4 0.7145833333333333 0.18425925925925926 0.08229166666666667 0.09537037037037037
4 0.41770833333333335 0.2796296296296296 0.0953125 0.09907407407407408
2 0.5177083333333333 0.4935185185185185 0.0453125 0.3175925925925926
2 0.28177083333333336 0.49074074074074076 0.0453125 0.15
2 0.29791666666666666 0.004629629629629629 0.04375 0.1638888888888889
2 0.5901041666666667 0.019444444444444445 0.046875 0.17314814814814813
1 0.2942708333333333 0.001851851851851852 0.33125 0.5157407407407407
11 0.4119791666666667 0.003703703703703704 0.05416666666666667 0.10925925925925926
