4 0.057291666666666664 0.8009259259259259 0.15625 0.09444444444444444
4 0.071875 0.5305555555555556 0.14791666666666667 0.08796296296296297
4 0.6682291666666667 0.7907407407407407 0.15520833333333334 0.0962962962962963
4 0.65625 0.5203703703703704 0.14583333333333334 0.08888888888888889
4 0.7078125 0.18518518518518517 0.15833333333333333 0.12222222222222222
4 0.6791666666666667 0.06944444444444445 0.1453125 0.10925925925925926
4 0.10260416666666666 0.06759259259259259 0.15052083333333333 0.09166666666666666
4 0.08177083333333333 0.1814814814814815 0.16041666666666668 0.10555555555555556
2 0.42864583333333334 0.4787037037037037 0.0515625 0.36203703703703705
2 0.44166666666666665 0.000925925925925926 0.05572916666666667 0.1638888888888889
