4 0.7317708333333334 0.22037037037037038 0.12239583333333333 0.09907407407407408
4 0.6963541666666667 0.30092592592592593 0.13229166666666667 0.09074074074074075
4 0.7145833333333333 0.6027777777777777 0.1203125 0.07592592592592592
4 0.6916666666666667 0.8101851851851852 0.1296875 0.0824074074074074
4 0.18645833333333334 0.799074074074074 0.12239583333333333 0.0787037037037037
4 0.23489583333333333 0.5916666666666667 0.11770833333333333 0.07407407407407407
4 0.19427083333333334 0.2898148148148148 0.12864583333333332 0.08425925925925926
4 0.2578125 0.21296296296296297 0.1203125 0.0787037037037037
2 0.4765625 0.125 0.04635416666666667 0.1527777777777778
2 0.48333333333333334 0.5453703703703704 0.03958333333333333 0.28888888888888886
2 0.51875 0.49907407407407406 0.040625 0.1259259259259259
