4 0.09166666666666666 0.3398148148148148 0.13802083333333334 0.10925925925925926
4 0.2947916666666667 0.3787037037037037 0.14114583333333333 0.12129629629629629
4 0.05677083333333333 0.8018518518518518 0.13697916666666668 0.1111111111111111
4 0.5734375 0.7361111111111112 0.13072916666666667 0.08888888888888889
4 0.74375 0.9342592592592592 0.1390625 0.06574074074074074
4 0.8057291666666667 0.31203703703703706 0.13229166666666667 0.11018518518518519
4 0.5989583333333334 0.2814814814814815 0.128125 0.10277777777777777
1 0.3828125 0.0787037037037037 0.2515625 0.5833333333333334
2 0.5364583333333334 0.6296296296296297 0.05260416666666667 0.3509259259259259
2 0.375 0.6138888888888889 0.049479166666666664 0.1675925925925926
2 0.5901041666666667 0.1037037037037037 0.051041666666666666 0.1814814814814815
11 0.4744791666666667 0.07314814814814814 0.03854166666666667 0.13240740740740742
