4 0.00625 0.24537037037037038 0.11822916666666666 0.0962962962962963
4 0.0875 0.8648148148148148 0.11510416666666666 0.0824074074074074
4 0.7546875 0.7694444444444445 0.1296875 0.13055555555555556
4 0.7369791666666666 0.3055555555555556 0.134375 0.15
4 0.45208333333333334 0.4222222222222222 0.13385416666666666 0.16018518518518518
4 0.3229166666666667 0.6157407407407407 0.10625 0.075
2 0.5677083333333334 0.537962962962963 0.04895833333333333 0.17314814814814813
2 0.3359375 0.6074074074074074 0.0578125 0.36574074074074076
2 0.246875 0.07407407407407407 0.0546875 0.2
1 0.253125 0.000925925925925926 0.3546875 0.649074074074074
11 0.42864583333333334 0.024074074074074074 0.04375 0.11851851851851852
