1 0.35885416666666664 0.11388888888888889 0.31979166666666664 0.587037037037037
4 0.8026041666666667 0.3212962962962963 0.10208333333333333 0.09351851851851851
4 0.7135416666666666 0.8861111111111111 0.103125 0.07407407407407407
4 0.09166666666666666 0.7944444444444444 0.11510416666666666 0.10740740740740741
4 0.128125 0.35 0.1171875 0.10833333333333334
4 0.4979166666666667 0.6685185185185185 0.10364583333333334 0.06666666666666667
4 0.39791666666666664 0.4398148148148148 0.11770833333333333 0.1175925925925926
11 0.46822916666666664 0.125 0.0578125 0.1259259259259259
7 0.4421875 0.000925925925925926 0.11458333333333333 0.14537037037037037
2 0.6369791666666667 0.18333333333333332 0.04635416666666667 0.1814814814814815
2 0.5619791666666667 0.6657407407407407 0.049479166666666664 0.3277777777777778
2 0.3463541666666667 0.6148148148148148 0.050520833333333334 0.1527777777777778
2 0.36354166666666665 0.11203703703703703 0.04635416666666667 0.16944444444444445
