1 0.2828125 0.10833333333333334 0.315625 0.5175925925925926
11 0.4359375 0.11851851851851852 0.04791666666666667 0.11388888888888889
7 0.4083333333333333 0.000925925925925926 0.10052083333333334 0.12962962962962962
4 0.7166666666666667 0.3194444444444444 0.10104166666666667 0.11018518518518519
4 0.7192708333333333 0.7231481481481481 0.1 0.09351851851851851
4 0.37395833333333334 0.6305555555555555 0.08489583333333334 0.0712962962962963
4 0.15052083333333333 0.812037037037037 0.09010416666666667 0.06666666666666667
4 0.496875 0.9203703703703704 0.10052083333333334 0.07962962962962963
4 0.09947916666666666 0.29259259259259257 0.09635416666666667 0.07777777777777778
4 0.4348958333333333 0.3768518518518518 0.10260416666666666 0.1111111111111111
2 0.27708333333333335 0.1537037037037037 0.044270833333333336 0.16574074074074074
2 0.34322916666666664 0.5990740740740741 0.042708333333333334 0.30092592592592593
2 0.5645833333333333 0.5703703703703704 0.043229166666666666 0.14074074074074075
2 0.5526041666666667 0.10648148148148148 0.04583333333333333 0.15648148148148147
