4 0.3953125 0.7148148148148148 0.0375 0.16944444444444445
4 0.5796875 0.7111111111111111 0.027083333333333334 0.1537037037037037
4 0.39166666666666666 0.47685185185185186 0.030208333333333334 0.14907407407407408
4 0.5817708333333333 0.5083333333333333 0.030729166666666665 0.1675925925925926
4 0.6114583333333333 0.2712962962962963 0.030208333333333334 0.09259259259259259
2 0.4244791666666667 0.44351851851851853 0.0328125 0.10277777777777777
2 0.41510416666666666 0.14722222222222223 0.03177083333333333 0.125
2 0.5963541666666666 0.17037037037037037 0.03333333333333333 0.11944444444444445
1 0.41770833333333335 0.15185185185185185 0.20677083333333332 0.3138888888888889
7 0.4765625 0.000925925925925926 0.08645833333333333 0.19166666666666668
