4 0.1078125 0.7314814814814815 0.13177083333333334 0.09907407407407408
4 0.12916666666666668 0.49537037037037035 0.12083333333333333 0.07962962962962963
4 0.096875 0.21666666666666667 0.1390625 0.09722222222222222
4 0.14270833333333333 0.1037037037037037 0.12760416666666666 0.08425925925925926
4 0.6229166666666667 0.14444444444444443 0.12447916666666667 0.10277777777777777
4 0.6395833333333333 0.2518518518518518 0.13958333333333334 0.11296296296296296
4 0.6161458333333333 0.5166666666666667 0.12395833333333334 0.09259259259259259
4 0.6557291666666667 0.7666666666666667 0.13229166666666667 0.09351851851851851
2 0.428125 0.43703703703703706 0.0453125 0.3277777777777778
2 0.4171875 0.020370370370370372 0.04635416666666667 0.16574074074074074
