4 0.6171875 0.8731481481481481 0.12760416666666666 0.12685185185185185
4 0.7119791666666667 0.6972222222222222 0.12916666666666668 0.12777777777777777
4 0.5838541666666667 0.5731481481481482 0.128125 0.12129629629629629
4 0.7109375 0.3990740740740741 0.12864583333333332 0.13796296296296295
4 0.1296875 0.6527777777777778 0.12447916666666667 0.07962962962962963
4 0.22604166666666667 0.49444444444444446 0.1203125 0.07777777777777778
4 0.10520833333333333 0.337037037037037 0.12760416666666666 0.08518518518518518
4 0.2390625 0.17407407407407408 0.12239583333333333 0.08981481481481482
1 0.396875 0.09722222222222222 0.15 0.5851851851851851
2 0.3921875 0.2675925925925926 0.04583333333333333 0.1574074074074074
2 0.40520833333333334 0.649074074074074 0.05364583333333333 0.14074074074074075
2 0.5135416666666667 0.4981481481481482 0.046875 0.12777777777777777
2 0.5119791666666667 0.1 0.03958333333333333 0.1527777777777778
7 0.4171875 0.000925925925925926 0.10833333333333334 0.2074074074074074
