4 0.8401041666666667 0.9425925925925925 0.13020833333333334 0.05740740740740741
4 0.07552083333333333 0.8175925925925925 0.14322916666666666 0.13148148148148148
4 0.6109375 0.6712962962962963 0.13229166666666667 0.0824074074074074
4 0.3828125 0.4537037037037037 0.14739583333333334 0.12777777777777777
4 0.1171875 0.32037037037037036 0.14375 0.12777777777777777
2 0.6927083333333334 0.13148148148148148 0.06145833333333333 0.19907407407407407
2 0.40572916666666664 0.5944444444444444 0.050520833333333334 0.175
2 0.4234375 0.020370370370370372 0.051041666666666666 0.18888888888888888
1 0.425 0.020370370370370372 0.32083333333333336 0.700925925925926
11 0.5442708333333334 0.06481481481481481 0.035416666666666666 0.11944444444444445
