1 0.240625 0.03796296296296296 0.384375 0.5796296296296296
4 0.7484375 0.7638888888888888 0.11302083333333333 0.10925925925925926
4 0.7458333333333333 0.2916666666666667 0.11302083333333333 0.125
4 0.11875 0.8592592592592593 0.09010416666666667 0.07777777777777778
4 0.059375 0.25092592592592594 0.0953125 0.09074074074074075
4 0.4109375 0.33240740740740743 0.11302083333333333 0.13703703703703704
4 0.371875 0.6546296296296297 0.09114583333333333 0.07777777777777778
2 0.31979166666666664 0.5888888888888889 0.05364583333333333 0.34814814814814815
2 0.5848958333333333 0.5731481481481482 0.04739583333333333 0.15185185185185185
2 0.565625 0.03611111111111111 0.050520833333333334 0.17592592592592593
2 0.23645833333333333 0.06574074074074074 0.046875 0.18796296296296297
11 0.4244791666666667 0.03333333333333333 0.051041666666666666 0.11666666666666667
