1 0.3536458333333333 0.20925925925925926 0.24635416666666668 0.44907407407407407
4 0.18645833333333334 0.375 0.08072916666666667 0.06388888888888888
4 0.2265625 0.8175925925925925 0.078125 0.05740740740740741
4 0.5348958333333333 0.9018518518518519 0.08854166666666667 0.07037037037037037
4 0.696875 0.7185185185185186 0.08645833333333333 0.075
4 0.6963541666666667 0.387037037037037 0.08697916666666666 0.09259259259259259
4 0.4901041666666667 0.44074074074074077 0.08489583333333334 0.0962962962962963
4 0.3984375 0.6574074074074074 0.07916666666666666 0.05555555555555555
2 0.4005208333333333 0.6305555555555555 0.0375 0.25462962962962965
2 0.5713541666666667 0.5916666666666667 0.034375 0.12777777777777777
2 0.5598958333333334 0.20462962962962963 0.036458333333333336 0.1388888888888889
2 0.3484375 0.24722222222222223 0.0375 0.14629629629629629
11 0.4734375 0.2212962962962963 0.0359375 0.0824074074074074
7 0.4484375 0.000925925925925926 0.0859375 0.22777777777777777
