4 0.5651041666666666 0.6990740740740741 0.0359375 0.13240740740740742
4 0.3567708333333333 0.6842592592592592 0.03854166666666667 0.17314814814814813
4 0.6135416666666667 0.337037037037037 0.0296875 0.07592592592592592
2 0.5911458333333334 0.06574074074074074 0.03333333333333333 0.14351851851851852
2 0.38229166666666664 0.04814814814814815 0.0359375 0.15462962962962962
2 0.3963541666666667 0.41944444444444445 0.0328125 0.12962962962962962
2 0.5890625 0.43425925925925923 0.030729166666666665 0.13055555555555556
1 0.39010416666666664 0.05555555555555555 0.22708333333333333 0.3925925925925926
11 0.4864583333333333 0.06851851851851852 0.033854166666666664 0.08703703703703704
7 0.44947916666666665 0.000925925925925926 0.10520833333333333 0.0787037037037037
