4 0.6390625 0.8092592592592592 0.12083333333333333 0.06944444444444445
4 0.14479166666666668 0.7805555555555556 0.12135416666666667 0.07592592592592592
4 0.6359375 0.48333333333333334 0.11302083333333333 0.07314814814814814
4 0.6494791666666667 0.40925925925925927 0.12395833333333334 0.09814814814814815
4 0.6505208333333333 0.15462962962962962 0.11822916666666666 0.09907407407407408
4 0.18854166666666666 0.13240740740740742 0.11666666666666667 0.075
4 0.1546875 0.37962962962962965 0.1265625 0.08333333333333333
4 0.17239583333333333 0.46296296296296297 0.121875 0.06851851851851852
2 0.4375 0.5666666666666667 0.0359375 0.2675925925925926
2 0.4328125 0.24444444444444444 0.036458333333333336 0.14166666666666666
11 0.4484375 0.125 0.028125 0.06666666666666667
7 0.421875 0.000925925925925926 0.08489583333333334 0.12314814814814815
