4 0.6369791666666667 0.8444444444444444 0.1375 0.08148148148148149
4 0.6427083333333333 0.4787037037037037 0.128125 0.08981481481481482
4 0.6552083333333333 0.3675925925925926 0.14375 0.1111111111111111
4 0.6640625 0.10648148148148148 0.1296875 0.09907407407407408
4 0.07135416666666666 0.8027777777777778 0.13541666666666666 0.08518518518518518
4 0.11666666666666667 0.45185185185185184 0.12708333333333333 0.075
4 0.06979166666666667 0.32592592592592595 0.1421875 0.0824074074074074
4 0.12708333333333333 0.06851851851851852 0.13541666666666666 0.0824074074074074
2 0.40520833333333334 0.5666666666666667 0.036458333333333336 0.30185185185185187
2 0.39739583333333334 0.16574074074074074 0.04375 0.1675925925925926
