4 0.5442708333333334 0.6842592592592592 0.033854166666666664 0.1398148148148148
4 0.6046875 0.24722222222222223 0.03229166666666667 0.09444444444444444
4 0.3640625 0.6805555555555556 0.0375 0.15925925925925927
4 0.44166666666666665 0.2462962962962963 0.030729166666666665 0.10462962962962963
2 0.40625 0.41944444444444445 0.03125 0.10925925925925926
2 0.5734375 0.43148148148148147 0.030208333333333334 0.11944444444444445
2 0.3932291666666667 0.11574074074074074 0.029166666666666667 0.13333333333333333
2 0.5744791666666667 0.13055555555555556 0.035416666666666666 0.1259259259259259
1 0.396875 0.13055555555555556 0.2046875 0.32407407407407407
7 0.45364583333333336 0.000925925925925926 0.0921875 0.15833333333333333
