4 0.7161458333333334 0.7611111111111111 0.09895833333333333 0.13333333333333333
4 0.7098958333333333 0.3527777777777778 0.1015625 0.1388888888888889
4 0.38125 0.5009259259259259 0.1015625 0.1425925925925926
4 0.1234375 0.7888888888888889 0.08489583333333334 0.07685185185185185
2 0.30572916666666666 0.6361111111111111 0.04791666666666667 0.325
4 0.041666666666666664 0.24259259259259258 0.09114583333333333 0.10092592592592593
2 0.21927083333333333 0.16944444444444445 0.04635416666666667 0.17685185185185184
2 0.5510416666666667 0.05277777777777778 0.04375 0.17407407407407408
2 0.5697916666666667 0.5537037037037037 0.04739583333333333 0.15
4 0.36770833333333336 0.13240740740740742 0.057291666666666664 0.075
1 0.23125 0.046296296296296294 0.37552083333333336 0.6435185185185185
11 0.4114583333333333 0.11388888888888889 0.043229166666666666 0.09537037037037037
7 0.37604166666666666 0.000925925925925926 0.1140625 0.12314814814814815
