1 0.4166666666666667 0.04814814814814815 0.2203125 0.6509259259259259
4 0.10572916666666667 0.3611111111111111 0.14583333333333334 0.13703703703703704
4 0.278125 0.4351851851851852 0.14583333333333334 0.16574074074074074
4 0.084375 0.8212962962962963 0.14479166666666668 0.15
4 0.2833333333333333 0.8981481481481481 0.1546875 0.10185185185185185
4 0.8255208333333334 0.7611111111111111 0.13854166666666667 0.10185185185185185
4 0.6270833333333333 0.6990740740740741 0.13645833333333332 0.09259259259259259
4 0.8067708333333333 0.3037037037037037 0.1390625 0.10185185185185185
2 0.409375 0.058333333333333334 0.05625 0.20092592592592592
2 0.5973958333333333 0.11851851851851852 0.053125 0.2101851851851852
2 0.40729166666666666 0.5953703703703703 0.06666666666666667 0.19814814814814816
2 0.5911458333333334 0.6583333333333333 0.058333333333333334 0.19537037037037036
11 0.5026041666666666 0.07685185185185185 0.05520833333333333 0.12962962962962962
7 0.4578125 0.000925925925925926 0.1390625 0.075
