4 0.6895833333333333 0.8472222222222222 0.1421875 0.08981481481481482
4 0.7041666666666667 0.48518518518518516 0.13385416666666666 0.09351851851851851
4 0.7052083333333333 0.38055555555555554 0.14010416666666667 0.10925925925925926
4 0.7463541666666667 0.13240740740740742 0.1328125 0.08703703703703704
4 0.1828125 0.08703703703703704 0.134375 0.08518518518518518
4 0.1359375 0.35555555555555557 0.14114583333333333 0.09259259259259259
4 0.15416666666666667 0.46944444444444444 0.128125 0.08611111111111111
4 0.1234375 0.8277777777777777 0.13489583333333333 0.0824074074074074
2 0.46197916666666666 0.5305555555555556 0.044270833333333336 0.33240740740740743
2 0.46458333333333335 0.17962962962962964 0.041666666666666664 0.16296296296296298
11 0.4828125 0.04259259259259259 0.030208333333333334 0.08703703703703704
