4 0.6984375 0.7324074074074074 0.11875 0.06388888888888888
4 0.7151041666666667 0.42314814814814816 0.11770833333333333 0.07777777777777778
4 0.7114583333333333 0.37222222222222223 0.10572916666666667 0.05
4 0.7182291666666667 0.09351851851851851 0.1109375 0.07962962962962963
4 0.24270833333333333 0.7453703703703703 0.1109375 0.07222222222222222
4 0.2552083333333333 0.44351851851851853 0.1140625 0.0712962962962963
4 0.25833333333333336 0.38425925925925924 0.10677083333333333 0.06388888888888888
4 0.27447916666666666 0.11666666666666667 0.11197916666666667 0.06944444444444445
2 0.5151041666666667 0.55 0.0359375 0.21388888888888888
2 0.5151041666666667 0.28425925925925927 0.034895833333333334 0.13518518518518519
7 0.4953125 0.000925925925925926 0.08489583333333334 0.14351851851851852
