4 0.7234375 0.7694444444444445 0.14166666666666666 0.08425925925925926
4 0.7260416666666667 0.4537037037037037 0.1390625 0.08611111111111111
4 0.7203125 0.22685185185185186 0.146875 0.1037037037037037
4 0.7296875 0.03333333333333333 0.14635416666666667 0.09907407407407408
4 0.16458333333333333 0.03611111111111111 0.1390625 0.09259259259259259
4 0.11822916666666666 0.22777777777777777 0.14375 0.09444444444444444
4 0.14479166666666668 0.4444444444444444 0.13541666666666666 0.08981481481481482
4 0.10885416666666667 0.7611111111111111 0.14010416666666667 0.09166666666666666
2 0.465625 0.48055555555555557 0.042708333333333334 0.32407407407407407
2 0.4578125 0.041666666666666664 0.0453125 0.17037037037037037
