4 0.6765625 0.799074074074074 0.128125 0.07407407407407407
4 0.6572916666666667 0.4898148148148148 0.1234375 0.06944444444444445
4 0.69375 0.3490740740740741 0.12864583333333332 0.09444444444444444
4 0.6645833333333333 0.13055555555555556 0.11875 0.08796296296296297
4 0.15625 0.7851851851851852 0.125 0.0787037037037037
4 0.1609375 0.4722222222222222 0.115625 0.07222222222222222
4 0.165625 0.337037037037037 0.1359375 0.08148148148148149
4 0.17083333333333334 0.11574074074074074 0.121875 0.07407407407407407
2 0.465625 0.5333333333333333 0.03697916666666667 0.2851851851851852
2 0.45260416666666664 0.36203703703703705 0.030208333333333334 0.14351851851851852
2 0.46822916666666664 0.17685185185185184 0.03802083333333333 0.14629629629629629
