1 0.2833333333333333 0.10185185185185185 0.34010416666666665 0.5685185185185185
4 0.18125 0.7888888888888889 0.08229166666666667 0.062037037037037036
4 0.11666666666666667 0.30185185185185187 0.0875 0.0824074074074074
4 0.725 0.35833333333333334 0.09322916666666667 0.12129629629629629
4 0.4296875 0.4759259259259259 0.09583333333333334 0.1259259259259259
4 0.40625 0.575 0.08020833333333334 0.06759259259259259
2 0.2833333333333333 0.19907407407407407 0.04583333333333333 0.16296296296296298
2 0.3567708333333333 0.6203703703703703 0.04583333333333333 0.28425925925925927
2 0.5942708333333333 0.55 0.036458333333333336 0.13333333333333333
2 0.5744791666666667 0.1 0.041666666666666664 0.15648148148148147
11 0.4473958333333333 0.15925925925925927 0.04375 0.08425925925925926
7 0.421875 0.000925925925925926 0.0984375 0.15648148148148147
