4 0.8041666666666667 0.7787037037037037 0.13697916666666668 0.10555555555555556
4 0.8020833333333334 0.3175925925925926 0.13489583333333333 0.13055555555555556
4 0.03697916666666667 0.35462962962962963 0.1296875 0.0962962962962963
4 0.28854166666666664 0.6416666666666667 0.12135416666666667 0.07407407407407407
4 0.08125 0.9361111111111111 0.125 0.06388888888888888
4 0.5494791666666666 0.5027777777777778 0.1421875 0.14074074074074075
1 0.31979166666666664 0.04814814814814815 0.3104166666666667 0.6796296296296296
2 0.31302083333333336 0.20925925925925926 0.057291666666666664 0.18703703703703703
2 0.5875 0.49907407407407406 0.053125 0.2388888888888889
7 0.4317708333333333 0.000925925925925926 0.11510416666666666 0.13240740740740742
11 0.4734375 0.12962962962962962 0.034375 0.09814814814814815
