4 0.6984375 0.7101851851851851 0.11510416666666666 0.06018518518518518
4 0.7114583333333333 0.4027777777777778 0.11666666666666667 0.07777777777777778
4 0.7052083333333333 0.3509259259259259 0.11145833333333334 0.05740740740740741
4 0.7125 0.07314814814814814 0.11197916666666667 0.07777777777777778
4 0.24114583333333334 0.7222222222222222 0.10833333333333334 0.0712962962962963
4 0.24947916666666667 0.4222222222222222 0.11666666666666667 0.0712962962962963
4 0.253125 0.3685185185185185 0.10833333333333334 0.07037037037037037
4 0.271875 0.09722222222222222 0.11145833333333334 0.07037037037037037
2 0.5119791666666667 0.5314814814814814 0.03697916666666667 0.20925925925925926
2 0.5119791666666667 0.26944444444444443 0.034375 0.13148148148148148
7 0.4947916666666667 0.000925925925925926 0.08229166666666667 0.12037037037037036
