4 0.13697916666666668 0.8046296296296296 0.09114583333333333 0.07314814814814814
4 0.7234375 0.3398148148148148 0.1046875 0.1361111111111111
4 0.06458333333333334 0.23981481481481481 0.0921875 0.09074074074074075
4 0.39739583333333334 0.4546296296296296 0.10364583333333334 0.15185185185185185
4 0.3875 0.575925925925926 0.08958333333333333 0.08518518518518518
2 0.32447916666666665 0.6194444444444445 0.049479166666666664 0.3398148148148148
2 0.2390625 0.13148148148148148 0.050520833333333334 0.18611111111111112
2 0.5583333333333333 0.030555555555555555 0.0484375 0.18703703703703703
2 0.5786458333333333 0.5472222222222223 0.044270833333333336 0.15833333333333333
1 0.24270833333333333 0.03611111111111111 0.36822916666666666 0.6138888888888889
11 0.42604166666666665 0.07685185185185185 0.050520833333333334 0.10833333333333334
7 0.39114583333333336 0.000925925925925926 0.11354166666666667 0.08425925925925926
