1 0.40729166666666666 0.1824074074074074 0.21458333333333332 0.35185185185185186
4 0.3765625 0.7583333333333333 0.03697916666666667 0.1675925925925926
4 0.5578125 0.7694444444444445 0.03854166666666667 0.15092592592592594
4 0.6302083333333334 0.3435185185185185 0.0328125 0.09166666666666666
4 0.4557291666666667 0.3351851851851852 0.034895833333333334 0.10092592592592593
2 0.5942708333333333 0.5185185185185185 0.030729166666666665 0.11666666666666667
2 0.5947916666666667 0.19907407407407407 0.03177083333333333 0.13425925925925927
2 0.4041666666666667 0.18055555555555555 0.033854166666666664 0.12777777777777777
2 0.41875 0.4925925925925926 0.03177083333333333 0.10740740740740741
7 0.465625 0.000925925925925926 0.09479166666666666 0.22685185185185186
