4 0.590625 0.7666666666666667 0.14010416666666667 0.1287037037037037
4 0.7026041666666667 0.6962962962962963 0.13958333333333334 0.11296296296296296
4 0.5552083333333333 0.35462962962962963 0.13802083333333334 0.11203703703703703
4 0.7213541666666666 0.2972222222222222 0.13697916666666668 0.14074074074074075
4 0.0578125 0.6574074074074074 0.13541666666666666 0.08796296296296297
4 0.1890625 0.5879629629629629 0.125 0.08611111111111111
4 0.042708333333333334 0.24074074074074073 0.13177083333333334 0.10555555555555556
2 0.3453125 0.08611111111111111 0.05364583333333333 0.18611111111111112
2 0.49375 0.032407407407407406 0.0453125 0.18333333333333332
2 0.35520833333333335 0.5685185185185185 0.04895833333333333 0.17962962962962964
2 0.4869791666666667 0.5074074074074074 0.05520833333333333 0.17037037037037037
1 0.3578125 0.02962962962962963 0.17864583333333334 0.5685185185185185
11 0.42604166666666665 0.03981481481481482 0.0484375 0.12685185185185185
