1 0.32864583333333336 0.000925925925925926 0.3776041666666667 0.662962962962963
4 0.125 0.22314814814814815 0.1 0.09722222222222222
4 0.18854166666666666 0.8203703703703704 0.0984375 0.07407407407407407
4 0.8588541666666667 0.75 0.11145833333333334 0.11574074074074074
4 0.8458333333333333 0.27870370370370373 0.11614583333333334 0.1361111111111111
4 0.44895833333333335 0.5814814814814815 0.0984375 0.07685185185185185
4 0.5104166666666666 0.38425925925925924 0.11302083333333333 0.14722222222222223
2 0.3265625 0.09259259259259259 0.04739583333333333 0.18981481481481483
2 0.6526041666666667 0.000925925925925926 0.049479166666666664 0.18425925925925926
2 0.6703125 0.5435185185185185 0.04739583333333333 0.15555555555555556
2 0.40625 0.5981481481481481 0.0484375 0.34814814814814815
11 0.515625 0.03518518518518519 0.0546875 0.12037037037037036
