4 0.17291666666666666 0.7481481481481481 0.10885416666666667 0.05648148148148148
4 0.23541666666666666 0.47685185185185186 0.10364583333333334 0.06111111111111111
4 0.15833333333333333 0.3435185185185185 0.11770833333333333 0.06481481481481481
4 0.2453125 0.15462962962962962 0.10885416666666667 0.075
4 0.6234375 0.8138888888888889 0.1140625 0.0712962962962963
4 0.665625 0.5342592592592592 0.10885416666666667 0.07592592592592592
4 0.621875 0.40925925925925927 0.11458333333333333 0.09351851851851851
4 0.6755208333333333 0.21851851851851853 0.1125 0.08518518518518518
2 0.43645833333333334 0.5527777777777778 0.0390625 0.25925925925925924
2 0.49166666666666664 0.4148148148148148 0.03802083333333333 0.12129629629629629
2 0.4161458333333333 0.22777777777777777 0.0375 0.1398148148148148
7 0.4328125 0.000925925925925926 0.08958333333333333 0.1425925925925926
