1 0.4328125 0.022222222222222223 0.2140625 0.5666666666666667
4 0.8458333333333333 0.6861111111111111 0.14010416666666667 0.1037037037037037
4 0.8203125 0.22407407407407406 0.14010416666666667 0.10555555555555556
4 0.6541666666666667 0.6675925925925926 0.14010416666666667 0.06018518518518518
4 0.6552083333333333 0.22037037037037038 0.1296875 0.11296296296296296
4 0.303125 0.7537037037037037 0.1453125 0.11018518518518519
4 0.11510416666666666 0.7296296296296296 0.14479166666666668 0.11944444444444445
4 0.2869791666666667 0.29074074074074074 0.13802083333333334 0.13425925925925927
4 0.12239583333333333 0.2712962962962963 0.14375 0.11851851851851852
2 0.42864583333333334 0.022222222222222223 0.05416666666666667 0.20185185185185187
2 0.6046875 0.5722222222222222 0.057291666666666664 0.19537037037037036
2 0.4421875 0.5444444444444444 0.053125 0.19444444444444445
2 0.6088541666666667 0.03796296296296296 0.053125 0.19907407407407407
11 0.515625 0.007407407407407408 0.05416666666666667 0.14629629629629629
