1 0.2677083333333333 0.03333333333333333 0.37864583333333335 0.6324074074074074
4 0.09895833333333333 0.9166666666666666 0.10989583333333333 0.08333333333333333
4 0.7958333333333333 0.7787037037037037 0.12395833333333334 0.11203703703703703
4 0.7864583333333334 0.2777777777777778 0.12552083333333333 0.12314814814814815
4 0.36302083333333335 0.6833333333333333 0.10520833333333333 0.08148148148148149
4 0.028645833333333332 0.2601851851851852 0.11458333333333333 0.09907407407407408
4 0.4578125 0.3527777777777778 0.12552083333333333 0.13425925925925927
2 0.3494791666666667 0.6231481481481481 0.05260416666666667 0.3768518518518518
2 0.6088541666666667 0.5935185185185186 0.05 0.17777777777777778
2 0.25625 0.09351851851851851 0.05416666666666667 0.19444444444444445
2 0.5822916666666667 0.03333333333333333 0.052083333333333336 0.19814814814814816
11 0.44479166666666664 0.04814814814814815 0.05416666666666667 0.12222222222222222
