4 0.09166666666666666 0.7824074074074074 0.10885416666666667 0.08425925925925926
4 0.03958333333333333 0.2111111111111111 0.12239583333333333 0.08703703703703704
4 0.5567708333333333 0.924074074074074 0.11666666666666667 0.07592592592592592
4 0.7609375 0.6620370370370371 0.11927083333333334 0.10185185185185185
4 0.49583333333333335 0.3287037037037037 0.12395833333333334 0.13148148148148148
4 0.7505208333333333 0.21851851851851853 0.12395833333333334 0.12037037037037036
2 0.2833333333333333 0.07037037037037037 0.04895833333333333 0.18981481481481483
2 0.34791666666666665 0.5564814814814815 0.0453125 0.33425925925925926
2 0.5552083333333333 0.48333333333333334 0.04479166666666667 0.15925925925925927
1 0.28958333333333336 0.000925925925925926 0.296875 0.587037037037037
11 0.43802083333333336 0.006481481481481481 0.0421875 0.11944444444444445
