4 0.725 0.8351851851851851 0.13645833333333332 0.08888888888888889
4 0.75 0.5009259259259259 0.13229166666666667 0.0787037037037037
4 0.7328125 0.34814814814814815 0.14427083333333332 0.12222222222222222
4 0.75 0.1037037037037037 0.13125 0.1111111111111111
4 0.16302083333333334 0.7861111111111111 0.13541666666666666 0.08611111111111111
4 0.20833333333333334 0.4583333333333333 0.1296875 0.07314814814814814
4 0.16145833333333334 0.30462962962962964 0.14166666666666666 0.08611111111111111
4 0.20885416666666667 0.06851851851851852 0.13385416666666666 0.0824074074074074
2 0.5041666666666667 0.5305555555555556 0.04010416666666667 0.3037037037037037
2 0.48854166666666665 0.13425925925925927 0.0453125 0.1675925925925926
11 0.5151041666666667 0.005555555555555556 0.030208333333333334 0.0962962962962963
