4 0.5875 0.33055555555555555 0.11770833333333333 0.11944444444444445
4 0.7364583333333333 0.3453703703703704 0.12708333333333333 0.10555555555555556
4 0.7619791666666667 0.75 0.1203125 0.09907407407407408
4 0.25364583333333335 0.7703703703703704 0.1328125 0.10833333333333334
4 0.08802083333333334 0.75 0.1328125 0.09907407407407408
4 0.24791666666666667 0.3453703703703704 0.1328125 0.1287037037037037
4 0.10260416666666666 0.3296296296296296 0.13125 0.09259259259259259
2 0.37864583333333335 0.12222222222222222 0.05260416666666667 0.1685185185185185
2 0.5427083333333333 0.12222222222222222 0.0546875 0.18425925925925926
2 0.5427083333333333 0.6111111111111112 0.0515625 0.175
2 0.3927083333333333 0.5861111111111111 0.049479166666666664 0.17407407407407408
1 0.3880208333333333 0.11203703703703703 0.19895833333333332 0.5166666666666667
11 0.4635416666666667 0.09444444444444444 0.05260416666666667 0.13333333333333333
7 0.4265625 0.000925925925925926 0.1234375 0.10277777777777777
