4 0.6505208333333333 0.7851851851851852 0.12864583333333332 0.075
4 0.6692708333333334 0.5444444444444444 0.11927083333333334 0.07314814814814814
4 0.6541666666666667 0.2851851851851852 0.13020833333333334 0.10277777777777777
4 0.678125 0.16574074074074074 0.11979166666666667 0.09722222222222222
4 0.2078125 0.16944444444444445 0.1203125 0.08333333333333333
4 0.1484375 0.29444444444444445 0.1265625 0.08055555555555556
4 0.18541666666666667 0.5462962962962963 0.11302083333333333 0.07685185185185185
4 0.1484375 0.7805555555555556 0.12291666666666666 0.0787037037037037
2 0.45208333333333334 0.48518518518518516 0.0375 0.31666666666666665
2 0.47708333333333336 0.4351851851851852 0.036458333333333336 0.13148148148148148
2 0.4375 0.10925925925925926 0.040625 0.15092592592592594
