4 0.5364583333333334 0.3416666666666667 0.11875 0.125
4 0.76875 0.25092592592592594 0.11614583333333334 0.12129629629629629
4 0.7682291666666666 0.6712962962962963 0.11770833333333333 0.09537037037037037
4 0.5802083333333333 0.9037037037037037 0.1234375 0.0962962962962963
4 0.1546875 0.8175925925925925 0.1109375 0.07962962962962963
4 0.3458333333333333 0.5861111111111111 0.09635416666666667 0.08888888888888889
4 0.11302083333333333 0.26666666666666666 0.109375 0.08888888888888889
2 0.34322916666666664 0.10833333333333334 0.0515625 0.1675925925925926
2 0.4078125 0.562037037037037 0.04583333333333333 0.3175925925925926
2 0.5921875 0.5111111111111111 0.04479166666666667 0.14444444444444443
2 0.5697916666666667 0.023148148148148147 0.049479166666666664 0.15925925925925927
1 0.3484375 0.024074074074074074 0.26510416666666664 0.5731481481481482
11 0.4765625 0.05555555555555555 0.03854166666666667 0.10185185185185185
