4 0.23020833333333332 0.7824074074074074 0.043229166666666666 0.18611111111111112
4 0.44583333333333336 0.7703703703703704 0.04114583333333333 0.17962962962962964
2 0.2734375 0.45092592592592595 0.035416666666666666 0.13055555555555556
2 0.47552083333333334 0.12314814814814815 0.03854166666666667 0.15185185185185185
2 0.26197916666666665 0.09351851851851851 0.033854166666666664 0.14722222222222223
4 0.3067708333333333 0.2824074074074074 0.034375 0.11203703703703703
4 0.503125 0.3 0.03333333333333333 0.09259259259259259
2 0.4739583333333333 0.47685185185185186 0.03333333333333333 0.11481481481481481
1 0.2671875 0.08981481481481482 0.2390625 0.41203703703703703
7 0.3328125 0.000925925925925926 0.10416666666666667 0.1398148148148148
