4 0.7078125 0.8111111111111111 0.14375 0.08796296296296297
4 0.7140625 0.5018518518518519 0.13541666666666666 0.0962962962962963
4 0.7291666666666666 0.2824074074074074 0.14322916666666666 0.10555555555555556
4 0.7307291666666667 0.09259259259259259 0.13489583333333333 0.1037037037037037
4 0.1359375 0.8138888888888889 0.1375 0.08518518518518518
4 0.16354166666666667 0.5083333333333333 0.13125 0.09166666666666666
4 0.16666666666666666 0.275 0.14270833333333333 0.0962962962962963
4 0.18697916666666667 0.0962962962962963 0.13489583333333333 0.08425925925925926
2 0.4817708333333333 0.5111111111111111 0.0421875 0.31666666666666665
2 0.4828125 0.0712962962962963 0.04375 0.17314814814814813
