1 0.3536458333333333 0.016666666666666666 0.30052083333333335 0.5685185185185185
2 0.5479166666666667 0.5601851851851852 0.052083333333333336 0.35
2 0.6197916666666666 0.046296296296296294 0.049479166666666664 0.18333333333333332
2 0.3380208333333333 0.5287037037037037 0.05 0.1685185185185185
2 0.3567708333333333 0.013888888888888888 0.0484375 0.1712962962962963
4 0.7270833333333333 0.8472222222222222 0.11666666666666667 0.07685185185185185
4 0.041666666666666664 0.725 0.12916666666666668 0.10277777777777777
4 0.07760416666666667 0.25925925925925924 0.13020833333333334 0.08703703703703704
4 0.3390625 0.30462962962962964 0.12916666666666668 0.10740740740740741
4 0.80625 0.24351851851851852 0.11458333333333333 0.1111111111111111
4 0.51875 0.6481481481481481 0.11145833333333334 0.08148148148148149
11 0.4661458333333333 0.020370370370370372 0.04375 0.11574074074074074
