4 0.7447916666666666 0.6296296296296297 0.14427083333333332 0.0962962962962963
4 0.6177083333333333 0.6074074074074074 0.12916666666666668 0.06296296296296296
4 0.721875 0.21481481481481482 0.13489583333333333 0.11481481481481481
4 0.6286458333333333 0.2074074074074074 0.14010416666666667 0.11018518518518519
4 0.03229166666666667 0.6194444444444445 0.15052083333333333 0.10185185185185185
4 0.14583333333333334 0.6388888888888888 0.15208333333333332 0.10185185185185185
4 0.134375 0.2175925925925926 0.153125 0.13055555555555556
2 0.47708333333333336 0.4740740740740741 0.05572916666666667 0.17777777777777778
2 0.39375 0.4537037037037037 0.049479166666666664 0.16944444444444445
2 0.4817708333333333 0.000925925925925926 0.05572916666666667 0.17592592592592593
