4 0.7536458333333333 0.7583333333333333 0.12291666666666666 0.10185185185185185
4 0.7385416666666667 0.28888888888888886 0.12291666666666666 0.12407407407407407
4 0.0375 0.2601851851851852 0.1078125 0.08796296296296297
4 0.09270833333333334 0.8574074074074074 0.10520833333333333 0.0824074074074074
4 0.3177083333333333 0.6768518518518518 0.10260416666666666 0.07037037037037037
4 0.46197916666666666 0.33055555555555555 0.12291666666666666 0.1361111111111111
2 0.56875 0.5796296296296296 0.04583333333333333 0.15462962962962962
2 0.3416666666666667 0.5907407407407408 0.04791666666666667 0.3453703703703704
2 0.26875 0.07037037037037037 0.049479166666666664 0.18888888888888888
2 0.5489583333333333 0.058333333333333334 0.0484375 0.16944444444444445
1 0.2760416666666667 0.05740740740740741 0.33229166666666665 0.5657407407407408
11 0.43645833333333334 0.046296296296296294 0.04791666666666667 0.12407407407407407
