4 0.5859375 0.7129629629629629 0.04375 0.16666666666666666
4 0.6838541666666667 0.3111111111111111 0.04479166666666667 0.08333333333333333
4 0.3567708333333333 0.6925925925925925 0.04895833333333333 0.18888888888888888
4 0.4671875 0.28703703703703703 0.04635416666666667 0.08796296296296297
2 0.41822916666666665 0.387037037037037 0.04114583333333333 0.17222222222222222
2 0.6369791666666667 0.42314814814814816 0.04010416666666667 0.14814814814814814
2 0.6416666666666667 0.010185185185185186 0.04583333333333333 0.16666666666666666
2 0.4109375 0.000925925925925926 0.03802083333333333 0.1574074074074074
1 0.41354166666666664 0.000925925925925926 0.26666666666666666 0.44351851851851853
11 0.528125 0.009259259259259259 0.03333333333333333 0.09351851851851851
