4 0.10260416666666666 0.8046296296296296 0.08177083333333333 0.075
4 0.4088541666666667 0.8972222222222223 0.090625 0.10277777777777777
4 0.6947916666666667 0.687962962962963 0.08958333333333333 0.10555555555555556
4 0.37916666666666665 0.6129629629629629 0.08177083333333333 0.08148148148148149
4 0.6807291666666667 0.225 0.0984375 0.12407407407407407
4 0.0375 0.19907407407407407 0.084375 0.09537037037037037
4 0.32447916666666665 0.26296296296296295 0.0921875 0.13333333333333333
2 0.184375 0.009259259259259259 0.05260416666666667 0.18333333333333332
2 0.5333333333333333 0.000925925925925926 0.04791666666666667 0.1537037037037037
2 0.5567708333333333 0.5148148148148148 0.04635416666666667 0.15092592592592594
2 0.27291666666666664 0.5185185185185185 0.04895833333333333 0.3435185185185185
1 0.19270833333333334 0.000925925925925926 0.396875 0.5546296296296296
11 0.39010416666666664 0.000925925925925926 0.050520833333333334 0.09907407407407408
