4 0.6557291666666667 0.425 0.11770833333333333 0.0824074074074074
4 0.7197916666666667 0.2657407407407407 0.1265625 0.10833333333333334
4 0.6755208333333333 0.06388888888888888 0.11822916666666666 0.09259259259259259
4 0.6864583333333333 0.725925925925926 0.1265625 0.08055555555555556
4 0.15572916666666667 0.7416666666666667 0.1328125 0.08055555555555556
4 0.15677083333333333 0.44166666666666665 0.11927083333333334 0.06944444444444445
4 0.184375 0.2712962962962963 0.13645833333333332 0.09351851851851851
4 0.17708333333333334 0.06481481481481481 0.1265625 0.08611111111111111
2 0.48333333333333334 0.4703703703703704 0.044270833333333336 0.2814814814814815
2 0.4942708333333333 0.08981481481481482 0.04114583333333333 0.15462962962962962
2 0.46458333333333335 0.3194444444444444 0.03697916666666667 0.1259259259259259
