1 0.2859375 0.08425925925925926 0.3260416666666667 0.5296296296296297
4 0.10052083333333334 0.2824074074074074 0.09322916666666667 0.075
4 0.15833333333333333 0.8222222222222222 0.09114583333333333 0.07222222222222222
4 0.734375 0.7277777777777777 0.10364583333333334 0.0962962962962963
4 0.7234375 0.3037037037037037 0.1046875 0.1175925925925926
4 0.4453125 0.3592592592592593 0.10208333333333333 0.13055555555555556
4 0.3776041666666667 0.6333333333333333 0.08802083333333334 0.06666666666666667
2 0.3541666666666667 0.5935185185185186 0.04635416666666667 0.3111111111111111
2 0.5776041666666667 0.5657407407407408 0.040625 0.14166666666666666
2 0.5567708333333333 0.08703703703703704 0.042708333333333334 0.1537037037037037
2 0.28020833333333334 0.1259259259259259 0.043229166666666666 0.1675925925925926
11 0.446875 0.10833333333333334 0.041666666666666664 0.08796296296296297
7 0.4114583333333333 0.000925925925925926 0.10052083333333334 0.09907407407407408
