1 0.2265625 0.028703703703703703 0.396875 0.6046296296296296
4 0.025 0.26296296296296295 0.11145833333333334 0.09166666666666666
4 0.09114583333333333 0.8944444444444445 0.09791666666666667 0.08703703703703704
4 0.3640625 0.6833333333333333 0.09791666666666667 0.0824074074074074
4 0.7578125 0.7898148148148149 0.11875 0.11666666666666667
4 0.7526041666666666 0.3 0.12135416666666667 0.1361111111111111
4 0.40208333333333335 0.35185185185185186 0.12083333333333333 0.1574074074074074
2 0.22239583333333332 0.062037037037037036 0.050520833333333334 0.19444444444444445
2 0.3078125 0.6074074074074074 0.05520833333333333 0.36666666666666664
2 0.5848958333333333 0.5814814814814815 0.053125 0.17314814814814813
2 0.5625 0.022222222222222223 0.05 0.18611111111111112
11 0.421875 0.03888888888888889 0.04583333333333333 0.12407407407407407
