4 0.7416666666666667 0.712037037037037 0.14583333333333334 0.1037037037037037
4 0.6484375 0.7351851851851852 0.15104166666666666 0.11851851851851852
4 0.07291666666666667 0.7388888888888889 0.13177083333333334 0.09444444444444444
4 0.05520833333333333 0.3101851851851852 0.14270833333333333 0.13425925925925927
4 0.21145833333333333 0.2851851851851852 0.140625 0.10833333333333334
4 0.6135416666666667 0.30185185185185187 0.1515625 0.12314814814814815
4 0.7536458333333333 0.27870370370370373 0.15 0.11481481481481481
2 0.3802083333333333 0.06388888888888888 0.05625 0.18703703703703703
2 0.5067708333333333 0.05092592592592592 0.0546875 0.1824074074074074
2 0.39166666666666666 0.5685185185185185 0.052083333333333336 0.17685185185185184
2 0.5104166666666666 0.5462962962962963 0.051041666666666666 0.17314814814814813
1 0.39114583333333336 0.049074074074074076 0.15677083333333333 0.5527777777777778
11 0.453125 0.028703703703703703 0.03802083333333333 0.13425925925925927
