4 0.675 0.7425925925925926 0.12291666666666666 0.07962962962962963
4 0.6604166666666667 0.4185185185185185 0.11927083333333334 0.07777777777777778
4 0.6880208333333333 0.3101851851851852 0.13125 0.09537037037037037
4 0.6609375 0.07407407407407407 0.12083333333333333 0.0962962962962963
4 0.17395833333333333 0.09351851851851851 0.12083333333333333 0.08518518518518518
4 0.1609375 0.33055555555555555 0.13385416666666666 0.09537037037037037
4 0.16822916666666668 0.4324074074074074 0.115625 0.09444444444444444
4 0.1578125 0.7666666666666667 0.12395833333333334 0.08703703703703704
2 0.47239583333333335 0.5009259259259259 0.03958333333333333 0.27037037037037037
2 0.4630208333333333 0.13796296296296295 0.04375 0.16018518518518518
11 0.4630208333333333 0.018518518518518517 0.03125 0.08055555555555556
