4 0.6755208333333333 0.6435185185185185 0.15208333333333332 0.10740740740740741
4 0.78125 0.5953703703703703 0.15208333333333332 0.10185185185185185
4 0.21875 0.5537037037037037 0.14010416666666667 0.0824074074074074
4 0.10364583333333334 0.5879629629629629 0.14166666666666666 0.1
4 0.07291666666666667 0.16944444444444445 0.14947916666666666 0.11851851851851852
4 0.24375 0.1287037037037037 0.13854166666666667 0.09907407407407408
4 0.6359375 0.20092592592592592 0.15208333333333332 0.11296296296296296
4 0.7916666666666666 0.15648148148148147 0.14791666666666667 0.13703703703703704
2 0.4171875 0.4648148148148148 0.05364583333333333 0.18333333333333332
2 0.5463541666666667 0.42777777777777776 0.0515625 0.17685185185185184
1 0.4161458333333333 0.000925925925925926 0.16979166666666667 0.4685185185185185
