4 0.5859375 0.31574074074074077 0.13177083333333334 0.11851851851851852
4 0.7203125 0.5509259259259259 0.125 0.09166666666666666
4 0.6135416666666667 0.8240740740740741 0.1296875 0.1
4 0.7307291666666667 0.16574074074074074 0.12708333333333333 0.11666666666666667
4 0.11302083333333333 0.7324074074074074 0.1171875 0.07685185185185185
4 0.2453125 0.4675925925925926 0.115625 0.0787037037037037
4 0.09739583333333333 0.22037037037037038 0.12552083333333333 0.07777777777777778
4 0.253125 0.07777777777777778 0.11822916666666666 0.07962962962962963
2 0.3625 0.06574074074074074 0.0453125 0.16111111111111112
2 0.4036458333333333 0.48518518518518516 0.0453125 0.3111111111111111
2 0.5244791666666667 0.3814814814814815 0.043229166666666666 0.1425925925925926
1 0.37864583333333335 0.000925925925925926 0.18020833333333333 0.5166666666666667
11 0.46197916666666666 0.000925925925925926 0.029166666666666667 0.07685185185185185
