2 0.46145833333333336 0.5342592592592592 0.0453125 0.3
2 0.44895833333333335 0.14722222222222223 0.04479166666666667 0.16574074074074074
4 0.2078125 0.4222222222222222 0.12447916666666667 0.07037037037037037
4 0.12916666666666668 0.7648148148148148 0.1328125 0.075
4 0.7026041666666667 0.85 0.1375 0.08981481481481482
4 0.759375 0.4898148148148148 0.128125 0.09166666666666666
4 0.6916666666666667 0.37222222222222223 0.14114583333333333 0.1175925925925926
4 0.76875 0.11574074074074074 0.1359375 0.1111111111111111
4 0.12708333333333333 0.287962962962963 0.14166666666666666 0.0824074074074074
4 0.23020833333333332 0.03796296296296296 0.13020833333333334 0.08333333333333333
2 0.5296875 0.32592592592592595 0.04375 0.1574074074074074
