4 0.6057291666666667 0.3861111111111111 0.1375 0.11296296296296296
4 0.6838541666666667 0.4962962962962963 0.12604166666666666 0.09814814814814815
4 0.6354166666666666 0.850925925925926 0.134375 0.09166666666666666
4 0.0875 0.7666666666666667 0.12447916666666667 0.07314814814814814
4 0.17083333333333334 0.4324074074074074 0.1203125 0.06666666666666667
4 0.057291666666666664 0.3 0.13958333333333334 0.07962962962962963
4 0.16822916666666668 0.05185185185185185 0.12447916666666667 0.08333333333333333
4 0.6838541666666667 0.12777777777777777 0.128125 0.1037037037037037
2 0.40520833333333334 0.5462962962962963 0.041666666666666664 0.29444444444444445
2 0.3645833333333333 0.1638888888888889 0.04479166666666667 0.16018518518518518
2 0.4739583333333333 0.3574074074074074 0.03958333333333333 0.13148148148148148
11 0.4239583333333333 0.03148148148148148 0.025520833333333333 0.09444444444444444
