4 0.7203125 0.32037037037037036 0.10885416666666667 0.12314814814814815
4 0.7296875 0.7675925925925926 0.1109375 0.10462962962962963
4 0.11979166666666667 0.899074074074074 0.09375 0.08425925925925926
4 0.44479166666666664 0.3574074074074074 0.11510416666666666 0.11944444444444445
4 0.06302083333333333 0.32407407407407407 0.1015625 0.09444444444444444
4 0.33229166666666665 0.7129629629629629 0.0953125 0.08333333333333333
2 0.3416666666666667 0.6083333333333333 0.04583333333333333 0.3351851851851852
2 0.5567708333333333 0.5972222222222222 0.041666666666666664 0.15648148148148147
2 0.5390625 0.10277777777777777 0.04114583333333333 0.16018518518518518
2 0.26197916666666665 0.12129629629629629 0.0453125 0.16574074074074074
1 0.2635416666666667 0.1037037037037037 0.3260416666666667 0.5388888888888889
11 0.4270833333333333 0.10925925925925926 0.04010416666666667 0.10185185185185185
7 0.3927083333333333 0.000925925925925926 0.10520833333333333 0.10925925925925926
