1 0.23697916666666666 0.03333333333333333 0.39375 0.6546296296296297
4 0.029166666666666667 0.2722222222222222 0.10364583333333334 0.08888888888888889
4 0.10052083333333334 0.8916666666666667 0.1 0.07314814814814814
4 0.7880208333333333 0.8018518518518518 0.12552083333333333 0.1259259259259259
4 0.771875 0.3101851851851852 0.1296875 0.14351851851851852
4 0.3614583333333333 0.6592592592592592 0.09791666666666667 0.07222222222222222
4 0.4239583333333333 0.4 0.12708333333333333 0.15648148148148147
2 0.3255208333333333 0.6462962962962963 0.052083333333333336 0.3537037037037037
2 0.5942708333333333 0.5907407407407408 0.050520833333333334 0.15925925925925927
2 0.23333333333333334 0.11018518518518519 0.05416666666666667 0.19444444444444445
2 0.5734375 0.03611111111111111 0.0515625 0.18518518518518517
11 0.43645833333333334 0.07407407407407407 0.04375 0.11296296296296296
7 0.4005208333333333 0.000925925925925926 0.11979166666666667 0.06944444444444445
