4 0.22135416666666666 0.20925925925925926 0.12083333333333333 0.09166666666666666
4 0.315625 0.3398148148148148 0.12708333333333333 0.09537037037037037
4 0.20104166666666667 0.5731481481481482 0.11614583333333334 0.09444444444444444
4 0.2703125 0.8240740740740741 0.125 0.10277777777777777
4 0.7515625 0.7388888888888889 0.11875 0.07314814814814814
4 0.65625 0.5055555555555555 0.11458333333333333 0.06666666666666667
4 0.7942708333333334 0.25092592592592594 0.12604166666666666 0.10092592592592593
4 0.6739583333333333 0.13518518518518519 0.115625 0.08611111111111111
2 0.5921875 0.0962962962962963 0.04375 0.16574074074074074
2 0.5661458333333333 0.5055555555555555 0.040625 0.2916666666666667
2 0.4786458333333333 0.412962962962963 0.04010416666666667 0.1425925925925926
11 0.5296875 0.03518518518518519 0.028125 0.09351851851851851
1 0.48125 0.000925925925925926 0.14635416666666667 0.5287037037037037
