4 0.10729166666666666 0.7185185185185186 0.1125 0.07592592592592592
4 0.18333333333333332 0.5064814814814815 0.109375 0.06851851851851852
4 0.08854166666666667 0.2601851851851852 0.11510416666666666 0.07962962962962963
4 0.18854166666666666 0.15833333333333333 0.11145833333333334 0.07407407407407407
4 0.6197916666666666 0.1935185185185185 0.1140625 0.09537037037037037
4 0.5677083333333334 0.29907407407407405 0.1171875 0.10648148148148148
4 0.6369791666666667 0.5416666666666666 0.11458333333333333 0.08055555555555556
4 0.5895833333333333 0.7685185185185185 0.11927083333333334 0.08333333333333333
2 0.3765625 0.48148148148148145 0.03958333333333333 0.2759259259259259
2 0.44166666666666665 0.4074074074074074 0.0390625 0.12777777777777777
2 0.3458333333333333 0.09907407407407408 0.041666666666666664 0.14351851851851852
11 0.4036458333333333 0.044444444444444446 0.027604166666666666 0.08425925925925926
