1 0.26614583333333336 0.03333333333333333 0.4557291666666667 0.7685185185185185
2 0.2604166666666667 0.02962962962962963 0.06822916666666666 0.275
2 0.6572916666666667 0.03981481481481482 0.071875 0.28703703703703703
2 0.6666666666666666 0.7287037037037037 0.06302083333333333 0.25
2 0.29739583333333336 0.7157407407407408 0.06354166666666666 0.25462962962962965
4 0.3729166666666667 0.4722222222222222 0.06927083333333334 0.17037037037037037
4 0.18125 0.6833333333333333 0.07760416666666667 0.28703703703703703
4 0.7411458333333333 0.4740740740740741 0.06510416666666667 0.16574074074074074
4 0.5854166666666667 0.7361111111111112 0.08229166666666667 0.2638888888888889
11 0.46927083333333336 0.058333333333333334 0.044270833333333336 0.1537037037037037
