4 0.3765625 0.762962962962963 0.049479166666666664 0.20462962962962963
4 0.6145833333333334 0.7731481481481481 0.0484375 0.17962962962962964
4 0.3625 0.4212962962962963 0.052083333333333336 0.18611111111111112
4 0.6177083333333333 0.45740740740740743 0.03802083333333333 0.19814814814814816
4 0.47604166666666664 0.29074074074074074 0.04479166666666667 0.11481481481481481
4 0.6989583333333333 0.2953703703703704 0.0421875 0.09814814814814815
2 0.43072916666666666 0.44074074074074077 0.04114583333333333 0.16111111111111112
2 0.6588541666666666 0.4564814814814815 0.0359375 0.14537037037037037
2 0.6552083333333333 0.03518518518518519 0.041666666666666664 0.16574074074074074
2 0.4161458333333333 0.026851851851851852 0.04010416666666667 0.1685185185185185
1 0.4109375 0.023148148148148147 0.28072916666666664 0.4638888888888889
11 0.5385416666666667 0.028703703703703703 0.03177083333333333 0.10833333333333334
