1 0.365625 0.027777777777777776 0.2682291666666667 0.4925925925925926
11 0.47239583333333335 0.04537037037037037 0.049479166666666664 0.10740740740740741
2 0.5984375 0.053703703703703705 0.041666666666666664 0.16574074074074074
2 0.36302083333333335 0.026851851851851852 0.03802083333333333 0.16574074074074074
2 0.37083333333333335 0.47129629629629627 0.043229166666666666 0.1537037037037037
2 0.5953125 0.49074074074074076 0.041666666666666664 0.15185185185185185
4 0.5619791666666667 0.44351851851851853 0.044270833333333336 0.16296296296296298
4 0.31197916666666664 0.41574074074074074 0.0453125 0.13796296296296295
4 0.3151041666666667 0.7666666666666667 0.049479166666666664 0.1712962962962963
4 0.5572916666666666 0.7712962962962963 0.04739583333333333 0.15555555555555556
4 0.6354166666666666 0.45925925925925926 0.04114583333333333 0.0787037037037037
4 0.6380208333333334 0.10833333333333334 0.042708333333333334 0.11388888888888889
