1 0.34791666666666665 0.044444444444444446 0.44895833333333335 0.6101851851851852
4 0.8484375 0.21481481481481482 0.07291666666666667 0.1037037037037037
4 0.6333333333333333 0.43148148148148147 0.08072916666666667 0.13240740740740742
4 0.7588541666666667 0.8462962962962963 0.06875 0.08796296296296297
4 0.43333333333333335 0.6657407407407407 0.07552083333333333 0.08148148148148149
4 0.18958333333333333 0.8722222222222222 0.078125 0.12777777777777777
4 0.21145833333333333 0.3888888888888889 0.08072916666666667 0.13333333333333333
2 0.3484375 0.04722222222222222 0.0484375 0.19166666666666668
2 0.7578125 0.0787037037037037 0.04479166666666667 0.18703703703703703
2 0.6630208333333333 0.6222222222222222 0.04739583333333333 0.3509259259259259
2 0.33229166666666665 0.6138888888888889 0.05 0.17222222222222222
11 0.5125 0.05092592592592592 0.06041666666666667 0.13148148148148148
