4 0.6578125 0.18888888888888888 0.11197916666666667 0.08611111111111111
4 0.6552083333333333 0.387037037037037 0.12552083333333333 0.09351851851851851
4 0.6427083333333333 0.5175925925925926 0.1078125 0.06481481481481481
4 0.640625 0.8111111111111111 0.11927083333333334 0.06666666666666667
4 0.16510416666666666 0.8046296296296296 0.11354166666666667 0.07777777777777778
4 0.20104166666666667 0.5175925925925926 0.1078125 0.06666666666666667
4 0.153125 0.3925925925925926 0.128125 0.07685185185185185
4 0.2140625 0.18981481481481483 0.11041666666666666 0.07314814814814814
2 0.446875 0.5564814814814815 0.0375 0.2833333333333333
2 0.4375 0.23055555555555557 0.040625 0.14351851851851852
7 0.42239583333333336 0.000925925925925926 0.0875 0.1388888888888889
