1 0.36302083333333335 0.09722222222222222 0.2546875 0.4148148148148148
4 0.32135416666666666 0.4638888888888889 0.0390625 0.16296296296296298
4 0.33177083333333335 0.7731481481481481 0.041666666666666664 0.18333333333333332
4 0.5510416666666667 0.7759259259259259 0.04114583333333333 0.1638888888888889
4 0.6286458333333333 0.337037037037037 0.0375 0.08425925925925926
4 0.625 0.05277777777777778 0.0328125 0.11388888888888889
4 0.42604166666666665 0.3333333333333333 0.03697916666666667 0.10092592592592593
4 0.5453125 0.4925925925925926 0.03697916666666667 0.17314814814814813
2 0.3614583333333333 0.09351851851851851 0.03697916666666667 0.15092592592592594
2 0.5822916666666667 0.0962962962962963 0.03854166666666667 0.15092592592592594
2 0.3828125 0.4759259259259259 0.03697916666666667 0.13425925925925927
2 0.5859375 0.48333333333333334 0.03958333333333333 0.13703703703703704
11 0.4734375 0.11018518518518519 0.028125 0.08888888888888889
7 0.4328125 0.000925925925925926 0.10885416666666667 0.13148148148148148
