2 0.6145833333333334 0.07314814814814814 0.0734375 0.2796296296296296
2 0.3541666666666667 0.010185185185185186 0.071875 0.2675925925925926
2 0.36875 0.7 0.07135416666666666 0.24351851851851852
2 0.6130208333333333 0.7648148148148148 0.07916666666666666 0.2351851851851852
1 0.3614583333333333 0.012037037037037037 0.3098958333333333 0.7962962962962963
11 0.48020833333333335 0.017592592592592594 0.0671875 0.18888888888888888
4 0.0005208333333333333 0.4388888888888889 0.16822916666666668 0.17407407407407408
4 0.24791666666666667 0.5157407407407407 0.17395833333333333 0.21574074074074073
4 0.8630208333333333 0.3277777777777778 0.13697916666666668 0.1287037037037037
4 0.6161458333333333 0.8351851851851851 0.16666666666666666 0.1
4 0.6203125 0.32314814814814813 0.15989583333333332 0.08796296296296297
