4 0.15989583333333332 0.5805555555555556 0.09479166666666666 0.10555555555555556
4 0.30416666666666664 0.6175925925925926 0.0953125 0.0962962962962963
4 0.3020833333333333 0.32685185185185184 0.0921875 0.11018518518518519
4 0.16614583333333333 0.2833333333333333 0.09583333333333334 0.09351851851851851
4 0.6265625 0.22037037037037038 0.08958333333333333 0.07222222222222222
4 0.6421875 0.5138888888888888 0.08645833333333333 0.06944444444444445
4 0.4984375 0.4888888888888889 0.0875 0.049074074074074076
2 0.4942708333333333 0.08611111111111111 0.04114583333333333 0.15
2 0.3572916666666667 0.05185185185185185 0.040625 0.14629629629629629
2 0.4953125 0.4527777777777778 0.0421875 0.13518518518518519
2 0.3640625 0.41759259259259257 0.043229166666666666 0.13240740740740742
1 0.3645833333333333 0.05185185185185185 0.16458333333333333 0.42592592592592593
