1 0.2578125 0.03888888888888889 0.37604166666666666 0.5083333333333333
4 0.15104166666666666 0.225 0.0671875 0.07592592592592592
4 0.36770833333333336 0.35462962962962963 0.06927083333333334 0.12407407407407407
4 0.22864583333333333 0.7490740740740741 0.06666666666666667 0.07314814814814814
4 0.44947916666666665 0.8888888888888888 0.07083333333333333 0.09907407407407408
4 0.7083333333333334 0.6907407407407408 0.07291666666666667 0.1037037037037037
4 0.6802083333333333 0.29074074074074074 0.07395833333333333 0.12129629629629629
4 0.4817708333333333 0.5777777777777777 0.06145833333333333 0.06759259259259259
2 0.5802083333333333 0.03518518518518519 0.04010416666666667 0.1537037037037037
2 0.2546875 0.08055555555555556 0.04114583333333333 0.15648148148148147
2 0.34270833333333334 0.525 0.043229166666666666 0.2962962962962963
2 0.6067708333333334 0.5018518518518519 0.03854166666666667 0.13333333333333333
11 0.4348958333333333 0.05648148148148148 0.05572916666666667 0.09814814814814815
