4 0.8296875 0.8 0.121875 0.13055555555555556
4 0.8166666666666667 0.275 0.12135416666666667 0.13703703703703704
4 0.3932291666666667 0.6972222222222222 0.10729166666666666 0.08888888888888889
4 0.09895833333333333 0.9259259259259259 0.11145833333333334 0.07407407407407407
4 0.035416666666666666 0.23055555555555557 0.11354166666666667 0.09907407407407408
4 0.4328125 0.32685185185185184 0.12083333333333333 0.14907407407407408
2 0.24427083333333333 0.046296296296296294 0.05364583333333333 0.21388888888888888
2 0.6135416666666667 0.000925925925925926 0.05572916666666667 0.20092592592592592
2 0.6333333333333333 0.6018518518518519 0.05572916666666667 0.18425925925925926
2 0.334375 0.6231481481481481 0.050520833333333334 0.3768518518518518
1 0.25 0.000925925925925926 0.41302083333333334 0.6731481481481482
11 0.453125 0.010185185185185186 0.0625 0.1361111111111111
