1 0.3703125 0.10185185185185185 0.19322916666666667 0.5092592592592593
4 0.7052083333333333 0.29074074074074074 0.11041666666666666 0.1
4 0.7026041666666667 0.6324074074074074 0.109375 0.0962962962962963
4 0.5854166666666667 0.8592592592592593 0.1125 0.08425925925925926
4 0.1609375 0.7712962962962963 0.1015625 0.07222222222222222
4 0.2947916666666667 0.5657407407407408 0.0953125 0.06666666666666667
4 0.13958333333333334 0.3111111111111111 0.10625 0.07314814814814814
4 0.5494791666666666 0.38333333333333336 0.1171875 0.10925925925925926
2 0.4015625 0.5685185185185185 0.0421875 0.2712962962962963
2 0.5255208333333333 0.5055555555555555 0.04010416666666667 0.125
2 0.3609375 0.18518518518518517 0.04479166666666667 0.14814814814814814
4 0.3046875 0.23055555555555557 0.09791666666666667 0.058333333333333334
11 0.45729166666666665 0.1398148148148148 0.030729166666666665 0.06574074074074074
7 0.43020833333333336 0.000925925925925926 0.08958333333333333 0.14537037037037037
