1 0.221875 0.025925925925925925 0.446875 0.6212962962962963
11 0.434375 0.021296296296296296 0.06510416666666667 0.13796296296296295
4 0.3890625 0.325 0.1015625 0.14166666666666666
4 0.05416666666666667 0.29074074074074074 0.08802083333333334 0.1
4 0.7557291666666667 0.2833333333333333 0.10677083333333333 0.14074074074074075
4 0.7932291666666667 0.8166666666666667 0.10677083333333333 0.11018518518518519
4 0.440625 0.7555555555555555 0.09166666666666666 0.09166666666666666
2 0.6317708333333333 0.6148148148148148 0.0484375 0.17592592592592593
2 0.3223958333333333 0.6175925925925926 0.04895833333333333 0.37777777777777777
2 0.21614583333333334 0.04537037037037037 0.051041666666666666 0.19907407407407407
2 0.6010416666666667 0.025 0.051041666666666666 0.19537037037037036
