1 0.3145833333333333 0.1 0.3625 0.5583333333333333
4 0.14583333333333334 0.28425925925925927 0.08177083333333333 0.08796296296296297
4 0.21354166666666666 0.8398148148148148 0.0796875 0.07314814814814814
4 0.7880208333333333 0.7888888888888889 0.10052083333333334 0.10925925925925926
4 0.7880208333333333 0.3509259259259259 0.10260416666666666 0.1287037037037037
4 0.46145833333333336 0.4185185185185185 0.1 0.13703703703703704
4 0.45729166666666665 0.6546296296296297 0.08177083333333333 0.062037037037037036
2 0.309375 0.15 0.04583333333333333 0.1787037037037037
2 0.6255208333333333 0.10277777777777777 0.044270833333333336 0.16944444444444445
2 0.6416666666666667 0.600925925925926 0.042708333333333334 0.14907407407407408
2 0.384375 0.6361111111111111 0.04635416666666667 0.32037037037037036
11 0.49375 0.12222222222222222 0.0453125 0.10740740740740741
7 0.4640625 0.000925925925925926 0.10625 0.12777777777777777
