1 0.3729166666666667 0.14444444444444443 0.228125 0.38796296296296295
7 0.4395833333333333 0.000925925925925926 0.1 0.17685185185185184
11 0.46979166666666666 0.17407407407407408 0.033854166666666664 0.07222222222222222
2 0.5734375 0.1537037037037037 0.036458333333333336 0.13055555555555556
2 0.36770833333333336 0.14629629629629629 0.036458333333333336 0.13240740740740742
4 0.5958333333333333 0.35 0.0328125 0.09074074074074075
4 0.34791666666666665 0.7851851851851852 0.03854166666666667 0.16666666666666666
4 0.5489583333333333 0.7907407407407407 0.03854166666666667 0.1527777777777778
4 0.3390625 0.5018518518518519 0.036458333333333336 0.15
4 0.41041666666666665 0.08888888888888889 0.025 0.0824074074074074
4 0.6078125 0.09814814814814815 0.0234375 0.10277777777777777
2 0.38177083333333334 0.5 0.034895833333333334 0.1175925925925926
2 0.5739583333333333 0.512962962962963 0.03229166666666667 0.1175925925925926
