4 0.7942708333333334 0.22962962962962963 0.15364583333333334 0.13796296296296295
4 0.8078125 0.8083333333333333 0.15260416666666668 0.11388888888888889
4 0.2838541666666667 0.7564814814814815 0.13072916666666667 0.09814814814814815
4 0.46822916666666664 0.26666666666666666 0.153125 0.1537037037037037
1 0.23333333333333334 0.000925925925925926 0.3885416666666667 0.6712962962962963
11 0.4197916666666667 0.000925925925925926 0.05364583333333333 0.12407407407407407
2 0.58125 0.6296296296296297 0.05572916666666667 0.19814814814814816
2 0.321875 0.6388888888888888 0.0546875 0.3611111111111111
2 0.5520833333333334 0.000925925925925926 0.05625 0.1935185185185185
2 0.22552083333333334 0.000925925925925926 0.058333333333333334 0.22314814814814815
4 0.2713541666666667 0.2212962962962963 0.09427083333333333 0.08611111111111111
