4 0.7541666666666667 0.925 0.1515625 0.075
4 0.0484375 0.7564814814814815 0.14791666666666667 0.12685185185185185
4 0.6296875 0.6666666666666666 0.14166666666666666 0.0824074074074074
4 0.8026041666666667 0.30185185185185187 0.14895833333333333 0.10555555555555556
4 0.6479166666666667 0.1962962962962963 0.14010416666666667 0.10277777777777777
4 0.20989583333333334 0.3990740740740741 0.15572916666666667 0.12037037037037036
4 0.06822916666666666 0.2916666666666667 0.15104166666666666 0.10555555555555556
2 0.5151041666666667 0.6592592592592592 0.05520833333333333 0.34074074074074073
2 0.39375 0.5851851851851851 0.051041666666666666 0.17407407407407408
2 0.5494791666666666 0.14629629629629629 0.05677083333333333 0.19166666666666668
11 0.46197916666666666 0.08611111111111111 0.03958333333333333 0.11666666666666667
1 0.40208333333333335 0.044444444444444446 0.18958333333333333 0.6518518518518519
