1 0.215625 0.000925925925925926 0.4895833333333333 0.6685185185185185
2 0.32447916666666665 0.6138888888888889 0.0484375 0.3861111111111111
2 0.665625 0.6351851851851852 0.0484375 0.18333333333333332
2 0.6348958333333333 0.000925925925925926 0.050520833333333334 0.19722222222222222
2 0.21458333333333332 0.000925925925925926 0.04895833333333333 0.2
4 0.04791666666666667 0.23981481481481481 0.08958333333333333 0.09814814814814815
4 0.7942708333333334 0.2222222222222222 0.10520833333333333 0.13055555555555556
4 0.8151041666666666 0.7981481481481482 0.1078125 0.1111111111111111
4 0.4817708333333333 0.7712962962962963 0.09375 0.0962962962962963
4 0.3578125 0.22870370370370371 0.10416666666666667 0.14722222222222223
11 0.4505208333333333 0.000925925925925926 0.065625 0.12407407407407407
