4 0.14635416666666667 0.3675925925925926 0.1296875 0.10555555555555556
4 0.2604166666666667 0.4101851851851852 0.12916666666666668 0.1287037037037037
4 0.1328125 0.7324074074074074 0.1265625 0.1175925925925926
4 0.26510416666666664 0.7870370370370371 0.13229166666666667 0.10277777777777777
4 0.61875 0.6277777777777778 0.12552083333333333 0.07222222222222222
4 0.7671875 0.6685185185185185 0.12083333333333333 0.08333333333333333
4 0.7442708333333333 0.28703703703703703 0.1265625 0.0824074074074074
1 0.425 0.11944444444444445 0.16614583333333333 0.5185185185185185
2 0.43020833333333336 0.5648148148148148 0.0484375 0.1527777777777778
2 0.5552083333333333 0.6092592592592593 0.046875 0.16111111111111112
2 0.5489583333333333 0.15 0.052083333333333336 0.17962962962962964
2 0.4197916666666667 0.1175925925925926 0.052083333333333336 0.16944444444444445
11 0.48802083333333335 0.1287037037037037 0.034375 0.11203703703703703
7 0.45 0.000925925925925926 0.10885416666666667 0.13240740740740742
