4 0.09895833333333333 0.7861111111111111 0.10625 0.11481481481481481
4 0.12552083333333333 0.25 0.103125 0.1111111111111111
4 0.44375 0.7342592592592593 0.09583333333333334 0.08703703703703704
4 0.7583333333333333 0.9027777777777778 0.090625 0.08796296296296297
4 0.8453125 0.2175925925925926 0.08854166666666667 0.11851851851851852
4 0.5286458333333334 0.24166666666666667 0.10104166666666667 0.11574074074074074
2 0.6197916666666666 0.5907407407407408 0.053125 0.3888888888888889
2 0.309375 0.6194444444444445 0.0453125 0.1787037037037037
2 0.3260416666666667 0.014814814814814815 0.0484375 0.19814814814814816
2 0.7125 0.003703703703703704 0.053125 0.20462962962962963
11 0.47552083333333334 0.000925925925925926 0.06927083333333334 0.13796296296296295
1 0.3182291666666667 0.000925925925925926 0.4395833333333333 0.6527777777777778
