11 0.4583333333333333 0.07685185185185185 0.0640625 0.13425925925925927
2 0.24479166666666666 0.011111111111111112 0.075 0.2824074074074074
2 0.6588541666666666 0.03333333333333333 0.07135416666666666 0.2657407407407407
2 0.27239583333333334 0.7416666666666667 0.06979166666666667 0.22685185185185186
2 0.6588541666666666 0.7703703703703704 0.06614583333333333 0.22037037037037038
4 0.70625 0.4638888888888889 0.06354166666666666 0.16666666666666666
4 0.1859375 0.7277777777777777 0.07395833333333333 0.2722222222222222
4 0.6192708333333333 0.7583333333333333 0.06822916666666666 0.24166666666666667
4 0.3328125 0.44907407407407407 0.057291666666666664 0.19907407407407407
1 0.253125 0.012962962962962963 0.4640625 0.7944444444444444
