7 0.41458333333333336 0.000925925925925926 0.10625 0.21481481481481482
11 0.44375 0.21296296296296297 0.04479166666666667 0.10833333333333334
1 0.2765625 0.2101851851851852 0.33645833333333336 0.5398148148148149
4 0.7473958333333334 0.8453703703703703 0.1078125 0.09351851851851851
4 0.7442708333333333 0.4101851851851852 0.10885416666666667 0.11574074074074074
4 0.09583333333333334 0.39444444444444443 0.09270833333333334 0.07407407407407407
4 0.43854166666666666 0.4425925925925926 0.1078125 0.11944444444444445
4 0.3828125 0.7685185185185185 0.0890625 0.06944444444444445
4 0.14270833333333333 0.9462962962962963 0.0921875 0.053703703703703705
2 0.3411458333333333 0.7111111111111111 0.04635416666666667 0.28888888888888886
2 0.5791666666666667 0.6925925925925925 0.04375 0.14629629629629629
2 0.271875 0.23148148148148148 0.04791666666666667 0.1712962962962963
2 0.5661458333333333 0.20833333333333334 0.043229166666666666 0.16203703703703703
