11 0.44635416666666666 0.04259259259259259 0.05625 0.16574074074074074
2 0.5640625 0.07314814814814814 0.06979166666666667 0.2675925925925926
2 0.32708333333333334 0.024074074074074074 0.07135416666666666 0.2657407407407407
2 0.5640625 0.7657407407407407 0.06510416666666667 0.23425925925925925
2 0.3458333333333333 0.6972222222222222 0.06458333333333334 0.23981481481481481
4 0.15885416666666666 0.4759259259259259 0.190625 0.19166666666666668
4 0.828125 0.26851851851851855 0.16614583333333333 0.12222222222222222
4 0.6026041666666667 0.7759259259259259 0.16614583333333333 0.09907407407407408
4 0.8479166666666667 0.8444444444444444 0.15208333333333332 0.11018518518518519
1 0.33125 0.025 0.2859375 0.7898148148148149
