4 0.6276041666666666 0.8277777777777777 0.14114583333333333 0.08981481481481482
4 0.7427083333333333 0.6305555555555555 0.13489583333333333 0.08888888888888889
4 0.24583333333333332 0.5981481481481481 0.1234375 0.08148148148148149
4 0.10416666666666667 0.7916666666666666 0.13072916666666667 0.08611111111111111
4 0.07083333333333333 0.2037037037037037 0.13385416666666666 0.08888888888888889
4 0.24583333333333332 0.1814814814814815 0.12552083333333333 0.07407407407407407
4 0.6 0.2175925925925926 0.14739583333333334 0.1259259259259259
4 0.7395833333333334 0.18425925925925926 0.13541666666666666 0.10277777777777777
2 0.4119791666666667 0.5101851851851852 0.046875 0.3416666666666667
2 0.5328125 0.4981481481481482 0.043229166666666666 0.15092592592592594
2 0.3651041666666667 0.010185185185185186 0.04583333333333333 0.18425925925925926
1 0.37083333333333335 0.000925925925925926 0.19739583333333333 0.5407407407407407
11 0.46197916666666666 0.000925925925925926 0.03802083333333333 0.09907407407407408
