4 0.04479166666666667 0.29814814814814816 0.14270833333333333 0.11388888888888889
4 0.022395833333333334 0.7944444444444444 0.14322916666666666 0.12314814814814815
4 0.3338541666666667 0.38333333333333336 0.14427083333333332 0.12222222222222222
4 0.8317708333333333 0.26666666666666666 0.12552083333333333 0.10648148148148148
4 0.7604166666666666 0.9231481481481482 0.12708333333333333 0.06851851851851852
4 0.5234375 0.6842592592592592 0.12135416666666667 0.06296296296296296
2 0.3359375 0.6148148148148148 0.05 0.17407407407407408
2 0.5677083333333334 0.6648148148148149 0.05364583333333333 0.3351851851851852
2 0.628125 0.10185185185185185 0.05572916666666667 0.2064814814814815
2 0.3375 0.046296296296296294 0.05260416666666667 0.19074074074074074
11 0.45208333333333334 0.05462962962962963 0.06145833333333333 0.1398148148148148
1 0.3380208333333333 0.046296296296296294 0.3359375 0.6509259259259259
