4 0.21822916666666667 0.8527777777777777 0.12135416666666667 0.1037037037037037
4 0.13541666666666666 0.6370370370370371 0.11666666666666667 0.09351851851851851
4 0.259375 0.3611111111111111 0.125 0.08981481481481482
4 0.15208333333333332 0.2638888888888889 0.11822916666666666 0.09259259259259259
4 0.6067708333333334 0.1962962962962963 0.11197916666666667 0.07777777777777778
1 0.4119791666666667 0.07407407407407407 0.15208333333333332 0.5296296296296297
2 0.53125 0.15555555555555556 0.04010416666666667 0.15
2 0.5026041666666666 0.5564814814814815 0.04010416666666667 0.2916666666666667
2 0.41041666666666665 0.5009259259259259 0.03854166666666667 0.13518518518518519
11 0.4630208333333333 0.10925925925925926 0.0296875 0.09722222222222222
4 0.728125 0.2796296296296296 0.11510416666666666 0.08055555555555556
4 0.5947916666666667 0.5675925925925925 0.10833333333333334 0.06018518518518518
4 0.6921875 0.7731481481481481 0.11614583333333334 0.062037037037037036
