4 0.7177083333333333 0.8037037037037037 0.13854166666666667 0.1037037037037037
4 0.7125 0.2712962962962963 0.14375 0.1287037037037037
4 0.3729166666666667 0.3101851851851852 0.14322916666666666 0.14814814814814814
4 0.22291666666666668 0.7287037037037037 0.11666666666666667 0.09074074074074075
2 0.1453125 0.062037037037037036 0.057291666666666664 0.21481481481481482
2 0.2234375 0.6509259259259259 0.052083333333333336 0.3490740740740741
2 0.49166666666666664 0.6259259259259259 0.05364583333333333 0.17962962962962964
2 0.47604166666666664 0.030555555555555555 0.0515625 0.20092592592592592
1 0.15104166666666666 0.03796296296296296 0.38125 0.6518518518518519
11 0.3411458333333333 0.03333333333333333 0.04895833333333333 0.14537037037037037
