4 0.7833333333333333 0.07962962962962963 0.15052083333333333 0.12037037037037036
4 0.6697916666666667 0.26296296296296295 0.1625 0.12037037037037036
4 0.7645833333333333 0.5388888888888889 0.14739583333333334 0.09537037037037037
4 0.68125 0.8657407407407407 0.1578125 0.10277777777777777
4 0.0484375 0.8055555555555556 0.1515625 0.09351851851851851
4 0.16614583333333333 0.49166666666666664 0.1375 0.08518518518518518
4 0.049479166666666664 0.21296296296296297 0.15833333333333333 0.09166666666666666
4 0.18645833333333334 0.04259259259259259 0.14635416666666667 0.08888888888888889
2 0.39427083333333335 0.02962962962962963 0.05364583333333333 0.19722222222222222
2 0.4119791666666667 0.525 0.053125 0.35555555555555557
2 0.5052083333333334 0.39444444444444443 0.04895833333333333 0.16018518518518518
