11 0.4552083333333333 0.006481481481481481 0.06927083333333334 0.14351851851851852
4 0.0875 0.25 0.08333333333333333 0.09444444444444444
4 0.17604166666666668 0.9194444444444444 0.08385416666666666 0.07777777777777778
4 0.48854166666666665 0.7407407407407407 0.08802083333333334 0.08888888888888889
4 0.4671875 0.9583333333333334 0.09166666666666666 0.041666666666666664
4 0.7973958333333333 0.7703703703703704 0.10260416666666666 0.1
4 0.7760416666666666 0.22870370370370371 0.10104166666666667 0.1287037037037037
4 0.3734375 0.2361111111111111 0.0953125 0.13425925925925927
1 0.240625 0.023148148148148147 0.4546875 0.6259259259259259
2 0.340625 0.5972222222222222 0.04791666666666667 0.3851851851851852
2 0.6604166666666667 0.6129629629629629 0.04479166666666667 0.17685185185185184
2 0.6276041666666666 0.026851851851851852 0.051041666666666666 0.1925925925925926
2 0.2375 0.021296296296296296 0.0515625 0.1962962962962963
