4 0.275 0.46944444444444444 0.0359375 0.18055555555555555
4 0.28020833333333334 0.75 0.04114583333333333 0.2037037037037037
4 0.4947916666666667 0.7638888888888888 0.029166666666666667 0.17962962962962964
1 0.30104166666666665 0.09166666666666666 0.23125 0.39444444444444443
4 0.334375 0.000925925925925926 0.022916666666666665 0.11018518518518519
4 0.5223958333333333 0.28055555555555556 0.025520833333333333 0.09444444444444444
4 0.4921875 0.5101851851851852 0.03333333333333333 0.18611111111111112
2 0.3098958333333333 0.43703703703703706 0.03802083333333333 0.12685185185185185
2 0.2989583333333333 0.09351851851851851 0.0359375 0.14537037037037037
2 0.5015625 0.11574074074074074 0.0375 0.14444444444444443
7 0.3697916666666667 0.000925925925925926 0.0984375 0.15
