11 0.4552083333333333 0.08425925925925926 0.05416666666666667 0.15
2 0.35052083333333334 0.040740740740740744 0.065625 0.24722222222222223
2 0.5520833333333334 0.12685185185185185 0.06770833333333333 0.25462962962962965
2 0.5494791666666666 0.7675925925925926 0.06354166666666666 0.23148148148148148
2 0.3546875 0.674074074074074 0.06979166666666667 0.23055555555555557
4 0.1328125 0.5157407407407407 0.18229166666666666 0.1824074074074074
4 0.0005208333333333333 0.42777777777777776 0.1421875 0.13055555555555556
4 0.6229166666666667 0.7907407407407407 0.1703125 0.10740740740740741
4 0.8458333333333333 0.8833333333333333 0.15416666666666667 0.10555555555555556
4 0.8109375 0.3490740740740741 0.17916666666666667 0.11944444444444445
1 0.3578125 0.04814814814814815 0.246875 0.7592592592592593
