11 0.453125 0.1259259259259259 0.06041666666666667 0.15555555555555556
1 0.34791666666666665 0.07407407407407407 0.28072916666666664 0.8111111111111111
4 0.61875 0.5888888888888889 0.18697916666666667 0.1712962962962963
4 0.8614583333333333 0.4759259259259259 0.13854166666666667 0.15833333333333333
4 0.1609375 0.8342592592592593 0.1703125 0.11574074074074074
4 0.0005208333333333333 0.39444444444444443 0.115625 0.12037037037037036
4 0.0005208333333333333 0.9527777777777777 0.13177083333333334 0.04722222222222222
2 0.334375 0.18333333333333332 0.07760416666666667 0.2518518518518518
2 0.5661458333333333 0.07592592592592592 0.06979166666666667 0.2537037037037037
2 0.5640625 0.7314814814814815 0.07083333333333333 0.22037037037037038
2 0.3541666666666667 0.837037037037037 0.06510416666666667 0.16296296296296298
