4 0.5192708333333333 0.7601851851851852 0.12239583333333333 0.12685185185185185
4 0.6536458333333334 0.6824074074074075 0.12604166666666666 0.11018518518518519
4 0.6588541666666666 0.3212962962962963 0.12604166666666666 0.13518518518518519
4 0.49114583333333334 0.4009259259259259 0.12916666666666668 0.10648148148148148
4 0.04583333333333333 0.6555555555555556 0.1203125 0.07314814814814814
4 0.1890625 0.5787037037037037 0.11458333333333333 0.07037037037037037
4 0.0359375 0.2777777777777778 0.12239583333333333 0.09722222222222222
1 0.3109375 0.05648148148148148 0.190625 0.5425925925925926
2 0.31197916666666664 0.5666666666666667 0.04739583333333333 0.15648148148148147
2 0.30104166666666665 0.12407407407407407 0.050520833333333334 0.17407407407407408
2 0.4588541666666667 0.05740740740740741 0.04791666666666667 0.17314814814814813
2 0.4588541666666667 0.5018518518518519 0.0453125 0.15185185185185185
11 0.38229166666666664 0.08981481481481482 0.044270833333333336 0.11018518518518519
