4 0.11197916666666667 0.3472222222222222 0.11927083333333334 0.13425925925925927
4 0.07135416666666666 0.8296296296296296 0.11510416666666666 0.16296296296296298
4 0.47291666666666665 0.4722222222222222 0.11458333333333333 0.13796296296296295
4 0.47239583333333335 0.6018518518518519 0.1015625 0.0787037037037037
4 0.7463541666666667 0.8416666666666667 0.09947916666666666 0.08703703703703704
4 0.8380208333333333 0.2388888888888889 0.09895833333333333 0.09259259259259259
2 0.6890625 0.11388888888888889 0.052083333333333336 0.19444444444444445
2 0.33645833333333336 0.017592592592592594 0.05520833333333333 0.18888888888888888
2 0.6015625 0.6388888888888888 0.050520833333333334 0.35833333333333334
2 0.3203125 0.5685185185185185 0.05364583333333333 0.17222222222222222
1 0.33697916666666666 0.009259259259259259 0.396875 0.6657407407407407
11 0.4791666666666667 0.05462962962962963 0.05625 0.1259259259259259
