4 0.18177083333333333 0.30185185185185187 0.13333333333333333 0.12129629629629629
4 0.06145833333333333 0.6851851851851852 0.13697916666666668 0.10740740740740741
4 0.184375 0.6916666666666667 0.1375 0.10833333333333334
4 0.6973958333333333 0.6712962962962963 0.12760416666666666 0.09259259259259259
4 0.6833333333333333 0.28888888888888886 0.12760416666666666 0.0962962962962963
4 0.5770833333333333 0.28888888888888886 0.121875 0.11203703703703703
2 0.4817708333333333 0.07222222222222222 0.05520833333333333 0.17314814814814813
2 0.36770833333333336 0.08148148148148149 0.04010416666666667 0.1648148148148148
2 0.48072916666666665 0.5333333333333333 0.052083333333333336 0.17407407407407408
2 0.371875 0.5259259259259259 0.049479166666666664 0.1675925925925926
1 0.375 0.0712962962962963 0.14895833333333333 0.49907407407407406
11 0.4296875 0.053703703703703705 0.036458333333333336 0.1259259259259259
