11 0.4505208333333333 0.03425925925925926 0.06354166666666666 0.14629629629629629
1 0.30364583333333334 0.04259259259259259 0.41458333333333336 0.6324074074074074
4 0.81875 0.2759259259259259 0.1015625 0.11851851851851852
4 0.07447916666666667 0.31851851851851853 0.12083333333333333 0.12037037037037036
4 0.0234375 0.8444444444444444 0.12395833333333334 0.13518518518518519
4 0.44427083333333334 0.7342592592592593 0.1015625 0.08425925925925926
4 0.7291666666666666 0.9435185185185185 0.10260416666666666 0.05648148148148148
4 0.4505208333333333 0.35833333333333334 0.11770833333333333 0.1259259259259259
2 0.6692708333333334 0.058333333333333334 0.05520833333333333 0.2111111111111111
2 0.30833333333333335 0.03981481481481482 0.052083333333333336 0.1962962962962963
2 0.2921875 0.6212962962962963 0.049479166666666664 0.18518518518518517
2 0.58125 0.6435185185185185 0.053125 0.35648148148148145
