4 0.12291666666666666 0.325 0.12552083333333333 0.10462962962962963
4 0.240625 0.38425925925925924 0.12708333333333333 0.13055555555555556
4 0.10104166666666667 0.6777777777777778 0.125 0.13240740740740742
4 0.246875 0.7518518518518519 0.12760416666666666 0.11388888888888889
4 0.5723958333333333 0.5740740740740741 0.11770833333333333 0.07962962962962963
4 0.7244791666666667 0.6370370370370371 0.121875 0.08518518518518518
4 0.7041666666666667 0.2712962962962963 0.12447916666666667 0.08333333333333333
1 0.3932291666666667 0.06111111111111111 0.17239583333333333 0.5296296296296297
2 0.525 0.12037037037037036 0.04791666666666667 0.18055555555555555
2 0.5239583333333333 0.5583333333333333 0.044270833333333336 0.15185185185185185
2 0.3932291666666667 0.49537037037037035 0.04479166666666667 0.16111111111111112
2 0.39010416666666664 0.06388888888888888 0.04375 0.1638888888888889
11 0.45989583333333334 0.08981481481481482 0.03802083333333333 0.1037037037037037
