4 0.19635416666666666 0.7296296296296296 0.12447916666666667 0.09351851851851851
4 0.171875 0.47685185185185186 0.1171875 0.08981481481481482
4 0.23385416666666667 0.2638888888888889 0.1296875 0.09351851851851851
4 0.1984375 0.12222222222222222 0.121875 0.0824074074074074
4 0.7005208333333334 0.6759259259259259 0.1203125 0.0824074074074074
4 0.6453125 0.43425925925925923 0.11302083333333333 0.06851851851851852
4 0.7307291666666667 0.21203703703703702 0.12604166666666666 0.09351851851851851
4 0.65625 0.08055555555555556 0.11927083333333334 0.08703703703703704
2 0.5057291666666667 0.4361111111111111 0.042708333333333334 0.29074074074074074
2 0.459375 0.3472222222222222 0.03958333333333333 0.12777777777777777
2 0.51875 0.05185185185185185 0.042708333333333334 0.1574074074074074
