4 0.16041666666666668 0.22962962962962963 0.0921875 0.06481481481481481
4 0.3151041666666667 0.06944444444444445 0.0875 0.06574074074074074
4 0.30520833333333336 0.36018518518518516 0.08958333333333333 0.05648148148148148
4 0.17864583333333334 0.5916666666666667 0.08854166666666667 0.06018518518518518
4 0.5489583333333333 0.7592592592592593 0.09895833333333333 0.09259259259259259
4 0.515625 0.38425925925925924 0.09739583333333333 0.10925925925925926
4 0.6677083333333333 0.5055555555555555 0.09375 0.09351851851851851
4 0.6713541666666667 0.21851851851851853 0.09479166666666666 0.11388888888888889
1 0.3578125 0.000925925925925926 0.18333333333333332 0.49722222222222223
2 0.3890625 0.4638888888888889 0.036458333333333336 0.23703703703703705
2 0.353125 0.1527777777777778 0.03854166666666667 0.13518518518518519
