11 0.4078125 0.15925925925925927 0.058333333333333334 0.17222222222222222
4 0.3026041666666667 0.08981481481481482 0.0453125 0.11666666666666667
4 0.6567708333333333 0.08518518518518518 0.05625 0.1935185185185185
4 0.6489583333333333 0.5518518518518518 0.06458333333333334 0.15092592592592594
4 0.30364583333333334 0.5462962962962963 0.06458333333333334 0.18055555555555555
2 0.21822916666666667 0.14629629629629629 0.06666666666666667 0.2611111111111111
2 0.5916666666666667 0.17037037037037037 0.06822916666666666 0.24814814814814815
2 0.24322916666666666 0.7925925925925926 0.06770833333333333 0.2074074074074074
2 0.603125 0.8148148148148148 0.053125 0.18518518518518517
1 0.22604166666666667 0.14814814814814814 0.42239583333333336 0.7083333333333334
7 0.3463541666666667 0.000925925925925926 0.18177083333333333 0.21388888888888888
