4 0.14583333333333334 0.1638888888888889 0.15 0.09907407407407408
4 0.19166666666666668 0.34444444444444444 0.1609375 0.11388888888888889
4 0.1078125 0.6037037037037037 0.14583333333333334 0.12685185185185185
4 0.7276041666666667 0.11203703703703703 0.14375 0.10925925925925926
4 0.821875 0.2777777777777778 0.15729166666666666 0.1175925925925926
4 0.709375 0.5537037037037037 0.1453125 0.08888888888888889
4 0.78125 0.8712962962962963 0.1546875 0.0962962962962963
4 0.1671875 0.9351851851851852 0.1328125 0.06481481481481481
2 0.5286458333333334 0.5722222222222222 0.057291666666666664 0.35462962962962963
2 0.47239583333333335 0.44166666666666665 0.0515625 0.16018518518518518
2 0.5494791666666666 0.07685185185185185 0.05520833333333333 0.19814814814814816
