11 0.4630208333333333 0.09814814814814815 0.044270833333333336 0.11296296296296296
4 0.07447916666666667 0.35462962962962963 0.12864583333333332 0.12129629629629629
4 0.040625 0.8009259259259259 0.12864583333333332 0.14166666666666666
4 0.3697916666666667 0.5037037037037037 0.12447916666666667 0.12407407407407407
4 0.8208333333333333 0.3 0.11614583333333334 0.09259259259259259
4 0.7421875 0.887962962962963 0.11510416666666666 0.0824074074074074
2 0.559375 0.6703703703703704 0.0515625 0.3296296296296296
2 0.6369791666666667 0.16944444444444445 0.04739583333333333 0.18703703703703703
2 0.334375 0.03981481481481482 0.05364583333333333 0.18333333333333332
2 0.32864583333333336 0.5712962962962963 0.04583333333333333 0.16111111111111112
1 0.33958333333333335 0.044444444444444446 0.33958333333333335 0.6574074074074074
7 0.4244791666666667 0.000925925925925926 0.115625 0.10648148148148148
