1 0.228125 0.020370370370370372 0.34739583333333335 0.6574074074074074
4 0.008854166666666666 0.27870370370370373 0.11041666666666666 0.09537037037037037
4 0.06770833333333333 0.8416666666666667 0.103125 0.07777777777777778
4 0.7015625 0.3398148148148148 0.115625 0.14444444444444443
4 0.40208333333333335 0.512962962962963 0.11614583333333334 0.1388888888888889
4 0.7135416666666666 0.7694444444444445 0.10729166666666666 0.10925925925925926
11 0.4015625 0.1 0.0375 0.1037037037037037
2 0.225 0.17777777777777778 0.05 0.18518518518518517
2 0.2989583333333333 0.6425925925925926 0.04895833333333333 0.3388888888888889
2 0.525 0.025925925925925925 0.043229166666666666 0.1675925925925926
7 0.36354166666666665 0.000925925925925926 0.11614583333333334 0.1111111111111111
