4 0.19270833333333334 0.6175925925925926 0.08645833333333333 0.1
4 0.21666666666666667 0.30462962962962964 0.08697916666666666 0.08333333333333333
4 0.35885416666666664 0.8083333333333333 0.0890625 0.10925925925925926
4 0.6755208333333333 0.6703703703703704 0.07864583333333333 0.05555555555555555
4 0.7296875 0.2657407407407407 0.07916666666666666 0.06296296296296296
4 0.41510416666666666 0.4074074074074074 0.09010416666666667 0.08703703703703704
4 0.5125 0.4861111111111111 0.078125 0.044444444444444446
2 0.5994791666666667 0.17314814814814813 0.03854166666666667 0.1398148148148148
2 0.3932291666666667 0.08518518518518518 0.0375 0.13055555555555556
2 0.5505208333333333 0.5222222222222223 0.0359375 0.24537037037037038
2 0.3859375 0.45185185185185184 0.036458333333333336 0.12407407407407407
1 0.3958333333333333 0.08703703703703704 0.23958333333333334 0.46944444444444444
7 0.45260416666666664 0.000925925925925926 0.0859375 0.13240740740740742
