4 0.8125 0.337037037037037 0.09270833333333334 0.1111111111111111
4 0.4609375 0.787962962962963 0.09114583333333333 0.08055555555555556
4 0.11822916666666666 0.3537037037037037 0.11302083333333333 0.10555555555555556
4 0.07135416666666666 0.8546296296296296 0.11041666666666666 0.12037037037037036
4 0.4671875 0.3592592592592593 0.1109375 0.11666666666666667
4 0.7244791666666667 0.9638888888888889 0.0953125 0.03611111111111111
2 0.5911458333333334 0.6601851851851852 0.046875 0.3398148148148148
2 0.31666666666666665 0.6620370370370371 0.04895833333333333 0.17407407407407408
2 0.6697916666666667 0.11296296296296296 0.050520833333333334 0.19166666666666668
2 0.3359375 0.12222222222222222 0.0453125 0.1787037037037037
11 0.4640625 0.10185185185185185 0.059895833333333336 0.13333333333333333
1 0.3296875 0.11296296296296296 0.38333333333333336 0.5898148148148148
7 0.4354166666666667 0.000925925925925926 0.1140625 0.10925925925925926
