4 0.17604166666666668 0.08703703703703704 0.12760416666666666 0.08055555555555556
4 0.0984375 0.33425925925925926 0.1359375 0.07314814814814814
4 0.1671875 0.45092592592592595 0.121875 0.07685185185185185
4 0.10364583333333334 0.7833333333333333 0.12916666666666668 0.07962962962962963
4 0.6229166666666667 0.8407407407407408 0.134375 0.0824074074074074
4 0.6682291666666667 0.5092592592592593 0.12916666666666668 0.08148148148148149
4 0.6177083333333333 0.3861111111111111 0.1359375 0.10648148148148148
4 0.6723958333333333 0.13796296296296295 0.13072916666666667 0.10740740740740741
2 0.4119791666666667 0.5462962962962963 0.046875 0.2898148148148148
2 0.4640625 0.3685185185185185 0.04114583333333333 0.1398148148148148
2 0.39010416666666664 0.17314814814814813 0.0484375 0.1638888888888889
