4 0.0453125 0.2851851851851852 0.09947916666666666 0.0962962962962963
4 0.10208333333333333 0.850925925925926 0.09375 0.08611111111111111
4 0.74375 0.8324074074074074 0.109375 0.1361111111111111
4 0.7354166666666667 0.3972222222222222 0.109375 0.15648148148148147
4 0.40260416666666665 0.5351851851851852 0.10625 0.15092592592592594
4 0.37916666666666665 0.5981481481481481 0.07604166666666666 0.07777777777777778
1 0.234375 0.05277777777777778 0.3807291666666667 0.6509259259259259
2 0.2296875 0.17685185185185184 0.0484375 0.18518518518518517
2 0.5604166666666667 0.053703703703703705 0.049479166666666664 0.17685185185185184
2 0.575 0.5833333333333334 0.05 0.15092592592592594
2 0.3125 0.6675925925925926 0.049479166666666664 0.3277777777777778
11 0.425 0.11574074074074074 0.0484375 0.1111111111111111
