4 0.09166666666666666 0.3194444444444444 0.20572916666666666 0.18611111111111112
4 0.6932291666666667 0.32314814814814813 0.18697916666666667 0.16944444444444445
4 0.85625 0.31296296296296294 0.14375 0.13240740740740742
4 0.8807291666666667 0.8981481481481481 0.11927083333333334 0.10185185185185185
4 0.12239583333333333 0.9287037037037037 0.18489583333333334 0.0712962962962963
2 0.5489583333333333 0.687962962962963 0.07552083333333333 0.2574074074074074
2 0.38229166666666664 0.687962962962963 0.07239583333333334 0.24351851851851852
2 0.5557291666666667 0.000925925925925926 0.07083333333333333 0.24444444444444444
2 0.3765625 0.001851851851851852 0.06302083333333333 0.24351851851851852
1 0.38333333333333336 0.000925925925925926 0.2265625 0.7398148148148148
11 0.471875 0.000925925925925926 0.0484375 0.14351851851851852
