4 0.16197916666666667 0.35 0.14010416666666667 0.11018518518518519
4 0.13229166666666667 0.8111111111111111 0.13645833333333332 0.12314814814814815
4 0.3875 0.4759259259259259 0.14010416666666667 0.1111111111111111
4 0.8484375 0.924074074074074 0.1359375 0.07592592592592592
4 0.6666666666666666 0.674074074074074 0.1140625 0.07592592592592592
4 0.9088541666666666 0.31203703703703706 0.09114583333333333 0.09259259259259259
4 0.6885416666666667 0.2037037037037037 0.10677083333333333 0.09259259259259259
2 0.6875 0.17037037037037037 0.058333333333333334 0.19074074074074074
2 0.6416666666666667 0.6805555555555556 0.050520833333333334 0.3194444444444444
2 0.44947916666666665 0.600925925925926 0.05 0.1685185185185185
1 0.45364583333333336 0.06111111111111111 0.2833333333333333 0.6481481481481481
11 0.5536458333333333 0.1037037037037037 0.042708333333333334 0.12129629629629629
7 0.5135416666666667 0.000925925925925926 0.11770833333333333 0.10648148148148148
