4 0.14791666666666667 0.33796296296296297 0.13333333333333333 0.11018518518518519
4 0.11822916666666666 0.7861111111111111 0.13177083333333334 0.12777777777777777
4 0.36354166666666665 0.45185185185185184 0.13333333333333333 0.11481481481481481
4 0.634375 0.6481481481481481 0.10989583333333333 0.07685185185185185
4 0.8109375 0.8907407407407407 0.12708333333333333 0.07962962962962963
4 0.8640625 0.29907407407407405 0.128125 0.09907407407407408
4 0.6489583333333333 0.19722222222222222 0.11145833333333334 0.09259259259259259
2 0.6520833333333333 0.16203703703703703 0.05364583333333333 0.18796296296296297
2 0.6078125 0.6537037037037037 0.052083333333333336 0.3416666666666667
2 0.4239583333333333 0.5879629629629629 0.0484375 0.16203703703703703
11 0.521875 0.1037037037037037 0.041666666666666664 0.1175925925925926
1 0.4270833333333333 0.05925925925925926 0.2713541666666667 0.6277777777777778
7 0.4817708333333333 0.000925925925925926 0.11458333333333333 0.10648148148148148
