4 0.10572916666666667 0.14629629629629629 0.140625 0.11574074074074074
4 0.0765625 0.6092592592592593 0.13333333333333333 0.12777777777777777
4 0.2677083333333333 0.8787037037037037 0.13489583333333333 0.12129629629629629
4 0.7895833333333333 0.7203703703703703 0.13229166666666667 0.07962962962962963
4 0.6104166666666667 0.46574074074074073 0.11354166666666667 0.08055555555555556
4 0.33125 0.27870370370370373 0.13697916666666668 0.11666666666666667
4 0.8458333333333333 0.11388888888888889 0.13385416666666666 0.09814814814814815
2 0.5776041666666667 0.48148148148148145 0.05677083333333333 0.34814814814814815
2 0.396875 0.40370370370370373 0.041666666666666664 0.16296296296296298
2 0.6333333333333333 0.000925925925925926 0.04895833333333333 0.1685185185185185
1 0.4010416666666667 0.000925925925925926 0.275 0.5101851851851852
