4 0.24791666666666667 0.4638888888888889 0.1125 0.08796296296296297
4 0.39010416666666664 0.4925925925925926 0.1125 0.11851851851851852
4 0.23177083333333334 0.8111111111111111 0.11458333333333333 0.09166666666666666
4 0.38645833333333335 0.8574074074074074 0.11354166666666667 0.08518518518518518
4 0.653125 0.7101851851851851 0.10052083333333334 0.06574074074074074
4 0.8026041666666667 0.75 0.1078125 0.07222222222222222
4 0.7942708333333334 0.39814814814814814 0.1078125 0.08333333333333333
2 0.6375 0.2759259259259259 0.0453125 0.1638888888888889
2 0.6296875 0.6962962962962963 0.041666666666666664 0.14629629629629629
2 0.4901041666666667 0.6574074074074074 0.04375 0.14629629629629629
2 0.4817708333333333 0.2388888888888889 0.049479166666666664 0.15833333333333333
1 0.490625 0.23981481481481481 0.18072916666666666 0.48148148148148145
7 0.5302083333333333 0.000925925925925926 0.10520833333333333 0.2490740740740741
11 0.5567708333333333 0.24259259259259258 0.04791666666666667 0.11296296296296296
