4 0.10208333333333333 0.37037037037037035 0.1078125 0.09814814814814815
4 0.15416666666666667 0.7925925925925926 0.096875 0.07314814814814814
4 0.48541666666666666 0.6481481481481481 0.11197916666666667 0.14814814814814814
4 0.7286458333333333 0.7407407407407407 0.10989583333333333 0.11666666666666667
4 0.7229166666666667 0.4064814814814815 0.11302083333333333 0.1398148148148148
4 0.340625 0.15092592592592594 0.10416666666666667 0.09259259259259259
2 0.3109375 0.3398148148148148 0.04791666666666667 0.1537037037037037
2 0.37395833333333334 0.6981481481481482 0.04635416666666667 0.2759259259259259
2 0.5645833333333333 0.5277777777777778 0.042708333333333334 0.13425925925925927
1 0.31145833333333334 0.10740740740740741 0.2859375 0.6212962962962963
7 0.4197916666666667 0.000925925925925926 0.10572916666666667 0.24537037037037038
