4 0.17395833333333333 0.4351851851851852 0.10729166666666666 0.14722222222222223
4 0.5036458333333333 0.5712962962962963 0.10416666666666667 0.09722222222222222
4 0.5661458333333333 0.5592592592592592 0.10260416666666666 0.15462962962962962
4 0.8265625 0.8314814814814815 0.1046875 0.1037037037037037
4 0.9166666666666666 0.20833333333333334 0.08333333333333333 0.10648148148148148
1 0.3729166666666667 0.032407407407407406 0.4401041666666667 0.6981481481481482
2 0.76875 0.15555555555555556 0.051041666666666666 0.2064814814814815
2 0.3645833333333333 0.6074074074074074 0.04895833333333333 0.1824074074074074
2 0.6880208333333333 0.6925925925925925 0.03854166666666667 0.3074074074074074
2 0.37447916666666664 0.03796296296296296 0.051041666666666666 0.18981481481481483
11 0.5369791666666667 0.09814814814814815 0.051041666666666666 0.11851851851851852
4 0.1828125 0.9157407407407407 0.0671875 0.08425925925925926
