4 0.2734375 0.6611111111111111 0.11145833333333334 0.11851851851851852
4 0.15885416666666666 0.5407407407407407 0.10833333333333334 0.12777777777777777
4 0.2635416666666667 0.4148148148148148 0.109375 0.1287037037037037
4 0.1734375 0.275 0.109375 0.10740740740740741
4 0.6848958333333334 0.43703703703703706 0.103125 0.0712962962962963
4 0.5765625 0.31574074074074077 0.10104166666666667 0.08055555555555556
4 0.6666666666666666 0.17222222222222222 0.1078125 0.09166666666666666
4 0.5729166666666666 0.04537037037037037 0.10520833333333333 0.07592592592592592
1 0.40260416666666665 0.012962962962962963 0.13802083333333334 0.49444444444444446
2 0.5026041666666666 0.13796296296296295 0.04791666666666667 0.14907407407407408
2 0.5088541666666667 0.4685185185185185 0.0390625 0.13703703703703704
2 0.40989583333333335 0.35185185185185186 0.03802083333333333 0.12685185185185185
2 0.39895833333333336 0.013888888888888888 0.03802083333333333 0.13055555555555556
7 0.42239583333333336 0.000925925925925926 0.09322916666666667 0.10462962962962963
