4 0.5833333333333334 0.7231481481481481 0.115625 0.06759259259259259
4 0.5390625 0.4962962962962963 0.11197916666666667 0.06296296296296296
4 0.6026041666666667 0.26851851851851855 0.121875 0.0787037037037037
4 0.5510416666666667 0.14814814814814814 0.1125 0.07962962962962963
4 0.1015625 0.18333333333333332 0.11875 0.07037037037037037
4 0.13802083333333334 0.3055555555555556 0.12291666666666666 0.07592592592592592
4 0.08385416666666666 0.5277777777777778 0.11770833333333333 0.07314814814814814
4 0.11354166666666667 0.7546296296296297 0.11979166666666667 0.0824074074074074
2 0.3921875 0.5166666666666667 0.040625 0.262037037037037
2 0.35885416666666664 0.4361111111111111 0.04114583333333333 0.11388888888888889
2 0.4046875 0.14351851851851852 0.04114583333333333 0.13796296296296295
7 0.3536458333333333 0.000925925925925926 0.08802083333333334 0.08055555555555556
