1 0.2520833333333333 0.044444444444444446 0.4973958333333333 0.8490740740740741
2 0.253125 0.044444444444444446 0.050520833333333334 0.19814814814814816
2 0.6890625 0.24722222222222223 0.0546875 0.2101851851851852
2 0.3625 0.6574074074074074 0.04791666666666667 0.34074074074074073
2 0.7130208333333333 0.8611111111111112 0.05625 0.1388888888888889
4 0.47552083333333334 0.7416666666666667 0.109375 0.22037037037037038
4 0.8651041666666667 0.662962962962963 0.09791666666666667 0.11944444444444445
4 0.8317708333333333 0.17685185185185184 0.10260416666666666 0.16203703703703703
4 0.018229166666666668 0.5314814814814814 0.11822916666666666 0.21203703703703702
4 0.4005208333333333 0.000925925925925926 0.10208333333333333 0.14629629629629629
7 0.45677083333333335 0.000925925925925926 0.14322916666666666 0.21296296296296297
11 0.5057291666666667 0.2064814814814815 0.04739583333333333 0.09444444444444444
