1 0.28541666666666665 0.014814814814814815 0.35833333333333334 0.6555555555555556
2 0.5223958333333333 0.6277777777777778 0.05364583333333333 0.37037037037037035
2 0.5984375 0.08148148148148149 0.0546875 0.20092592592592592
2 0.275 0.5879629629629629 0.04895833333333333 0.17407407407407408
2 0.2890625 0.01574074074074074 0.050520833333333334 0.19166666666666668
11 0.41822916666666665 0.037037037037037035 0.04791666666666667 0.12777777777777777
4 0.015625 0.2740740740740741 0.13333333333333333 0.10555555555555556
4 0.0005208333333333333 0.7685185185185185 0.11458333333333333 0.11666666666666667
4 0.7104166666666667 0.8814814814814815 0.11927083333333334 0.07777777777777778
4 0.4552083333333333 0.6527777777777778 0.11822916666666666 0.0787037037037037
4 0.790625 0.23425925925925925 0.11927083333333334 0.09537037037037037
