4 0.26979166666666665 0.7851851851851852 0.1265625 0.12222222222222222
4 0.16145833333333334 0.6351851851851852 0.12552083333333333 0.13148148148148148
4 0.2552083333333333 0.5009259259259259 0.12864583333333332 0.13055555555555556
4 0.1765625 0.33796296296296297 0.1296875 0.11203703703703703
4 0.6604166666666667 0.11574074074074074 0.12135416666666667 0.08148148148148149
4 0.740625 0.2712962962962963 0.12864583333333332 0.0962962962962963
4 0.6572916666666667 0.4305555555555556 0.12552083333333333 0.06851851851851852
4 0.7682291666666666 0.5740740740740741 0.11875 0.075
2 0.55 0.5851851851851851 0.0484375 0.15185185185185185
2 0.4588541666666667 0.4361111111111111 0.0453125 0.13703703703703704
2 0.5484375 0.21574074074074073 0.04114583333333333 0.15092592592592594
1 0.4552083333333333 0.062037037037037036 0.1265625 0.5564814814814815
7 0.4630208333333333 0.000925925925925926 0.10989583333333333 0.1675925925925926
