4 0.12916666666666668 0.799074074074074 0.125 0.075
4 0.115625 0.3787037037037037 0.13125 0.08796296296296297
4 0.2203125 0.46296296296296297 0.11875 0.0712962962962963
4 0.22135416666666666 0.1259259259259259 0.12135416666666667 0.0787037037037037
4 0.7078125 0.2222222222222222 0.12552083333333333 0.1
4 0.6223958333333334 0.48703703703703705 0.13177083333333334 0.10462962962962963
4 0.7072916666666667 0.5703703703703704 0.12083333333333333 0.075
4 0.6286458333333333 0.8962962962962963 0.13020833333333334 0.08981481481481482
2 0.42604166666666665 0.5907407407407408 0.041666666666666664 0.30462962962962964
2 0.5020833333333333 0.4462962962962963 0.03958333333333333 0.11388888888888889
2 0.39166666666666666 0.28055555555555556 0.04791666666666667 0.1537037037037037
1 0.4015625 0.023148148148148147 0.1296875 0.6259259259259259
7 0.425 0.000925925925925926 0.0984375 0.1638888888888889
