4 0.025520833333333333 0.28425925925925927 0.1171875 0.11388888888888889
4 0.09739583333333333 0.8722222222222222 0.10885416666666667 0.09166666666666666
4 0.453125 0.525 0.12135416666666667 0.15092592592592594
4 0.784375 0.8148148148148148 0.12291666666666666 0.12407407407407407
4 0.7723958333333333 0.3592592592592593 0.12395833333333334 0.14537037037037037
2 0.2520833333333333 0.19907407407407407 0.052083333333333336 0.1962962962962963
2 0.3458333333333333 0.6953703703703704 0.0421875 0.30462962962962964
2 0.5958333333333333 0.5925925925925926 0.051041666666666666 0.1685185185185185
2 0.5744791666666667 0.05092592592592592 0.0515625 0.18888888888888888
11 0.44427083333333334 0.125 0.041666666666666664 0.10555555555555556
4 0.3411458333333333 0.13518518518518519 0.1125 0.09814814814814815
1 0.2552083333333333 0.05092592592592592 0.37864583333333335 0.6925925925925925
7 0.40677083333333336 0.000925925925925926 0.11875 0.1287037037037037
