11 0.409375 0.1037037037037037 0.035416666666666666 0.11481481481481481
4 0.7713541666666667 0.4564814814814815 0.0890625 0.18055555555555555
4 0.4244791666666667 0.6972222222222222 0.07604166666666666 0.12222222222222222
4 0.0546875 0.6416666666666667 0.07552083333333333 0.12407407407407407
4 0.06875 0.14629629629629629 0.07604166666666666 0.12037037037037036
4 0.303125 0.5944444444444444 0.08697916666666666 0.18703703703703703
2 0.2046875 0.13425925925925927 0.05260416666666667 0.20462962962962963
2 0.184375 0.7518518518518519 0.051041666666666666 0.17685185185185184
2 0.5598958333333334 0.6138888888888889 0.05 0.362962962962963
2 0.6588541666666666 0.011111111111111112 0.05520833333333333 0.20185185185185187
1 0.19791666666666666 0.008333333333333333 0.5088541666666667 0.7759259259259259
