4 0.12083333333333333 0.7 0.134375 0.1398148148148148
4 0.2916666666666667 0.7555555555555555 0.134375 0.1287037037037037
4 0.29010416666666666 0.3509259259259259 0.128125 0.15185185185185185
4 0.13333333333333333 0.29259259259259257 0.13229166666666667 0.125
4 0.6010416666666667 0.21851851851851853 0.12239583333333333 0.0787037037037037
4 0.7661458333333333 0.225 0.13229166666666667 0.09814814814814815
4 0.7885416666666667 0.6351851851851852 0.1265625 0.09074074074074075
4 0.6067708333333334 0.5935185185185186 0.121875 0.08148148148148149
1 0.4078125 0.003703703703703704 0.2125 0.5731481481481482
11 0.490625 0.012037037037037037 0.04479166666666667 0.13148148148148148
2 0.5776041666666667 0.044444444444444446 0.051041666666666666 0.19907407407407407
2 0.5791666666666667 0.5453703703703704 0.04739583333333333 0.18055555555555555
2 0.4119791666666667 0.5009259259259259 0.05520833333333333 0.1712962962962963
2 0.40260416666666665 0.010185185185185186 0.05260416666666667 0.18611111111111112
