4 0.14947916666666666 0.17037037037037037 0.05677083333333333 0.08518518518518518
4 0.1375 0.4935185185185185 0.06197916666666667 0.08981481481481482
4 0.33177083333333335 0.8009259259259259 0.06354166666666666 0.14537037037037037
4 0.5739583333333333 0.8240740740740741 0.06145833333333333 0.14351851851851852
4 0.6270833333333333 0.36018518518518516 0.0703125 0.12314814814814815
4 0.3385416666666667 0.46296296296296297 0.06770833333333333 0.12962962962962962
2 0.47760416666666666 0.45555555555555555 0.036458333333333336 0.2462962962962963
2 0.2421875 0.5583333333333333 0.033854166666666664 0.12037037037037036
2 0.2546875 0.15462962962962962 0.0359375 0.13240740740740742
2 0.54375 0.05740740740740741 0.03697916666666667 0.1388888888888889
1 0.25052083333333336 0.05740740740740741 0.32760416666666664 0.5287037037037037
11 0.38333333333333336 0.1361111111111111 0.028645833333333332 0.06944444444444445
