4 0.18958333333333333 0.40555555555555556 0.06614583333333333 0.15648148148148147
4 0.2734375 0.8222222222222222 0.06770833333333333 0.1425925925925926
4 0.5052083333333334 0.8296296296296296 0.065625 0.14166666666666666
4 0.7166666666666667 0.47129629629629627 0.058333333333333334 0.08055555555555556
4 0.6901041666666666 0.16944444444444445 0.065625 0.10648148148148148
4 0.4859375 0.5166666666666667 0.06875 0.16018518518518518
4 0.4895833333333333 0.475 0.05572916666666667 0.075
4 0.409375 0.06574074074074074 0.0625 0.0962962962962963
1 0.3223958333333333 0.0787037037037037 0.33229166666666665 0.5268518518518519
2 0.4010416666666667 0.4583333333333333 0.035416666666666666 0.23703703703703705
2 0.6265625 0.5805555555555556 0.035416666666666666 0.11018518518518519
2 0.6078125 0.19166666666666668 0.03333333333333333 0.13148148148148148
2 0.3177083333333333 0.07777777777777778 0.03802083333333333 0.12962962962962962
7 0.45677083333333335 0.000925925925925926 0.08958333333333333 0.175
