4 0.1875 0.8111111111111111 0.14114583333333333 0.09722222222222222
4 0.7557291666666667 0.8009259259259259 0.14322916666666666 0.08333333333333333
4 0.19114583333333332 0.5111111111111111 0.13125 0.08981481481481482
4 0.2015625 0.28055555555555556 0.14895833333333333 0.10648148148148148
4 0.20833333333333334 0.10555555555555556 0.1375 0.09351851851851851
4 0.7322916666666667 0.49537037037037035 0.134375 0.0824074074074074
4 0.7807291666666667 0.262037037037037 0.15 0.1111111111111111
4 0.7380208333333333 0.0787037037037037 0.13645833333333332 0.11388888888888889
2 0.5276041666666667 0.5138888888888888 0.04583333333333333 0.32314814814814813
2 0.5338541666666666 0.06944444444444445 0.051041666666666666 0.17685185185185184
