4 0.20520833333333333 0.8194444444444444 0.121875 0.08055555555555556
4 0.7244791666666667 0.8166666666666667 0.12239583333333333 0.07592592592592592
4 0.725 0.48148148148148145 0.12864583333333332 0.08611111111111111
4 0.7192708333333333 0.44074074074074077 0.121875 0.05185185185185185
4 0.7244791666666667 0.14537037037037037 0.121875 0.0824074074074074
4 0.2359375 0.14907407407407408 0.1234375 0.07777777777777778
4 0.2359375 0.4444444444444444 0.11302083333333333 0.05092592592592592
4 0.22135416666666666 0.49444444444444446 0.12552083333333333 0.06296296296296296
2 0.5166666666666667 0.6 0.04375 0.24814814814814815
2 0.5078125 0.30648148148148147 0.0453125 0.14537037037037037
