4 0.16354166666666667 0.3861111111111111 0.1265625 0.11296296296296296
4 0.14322916666666666 0.7518518518518519 0.12552083333333333 0.1361111111111111
4 0.30364583333333334 0.8361111111111111 0.12708333333333333 0.13240740740740742
4 0.2994791666666667 0.47129629629629627 0.12291666666666666 0.15092592592592594
4 0.7713541666666667 0.6657407407407407 0.11666666666666667 0.07314814814814814
4 0.6130208333333333 0.5796296296296296 0.11770833333333333 0.07222222222222222
4 0.7489583333333333 0.28703703703703703 0.11666666666666667 0.08888888888888889
4 0.6229166666666667 0.19907407407407407 0.11458333333333333 0.09166666666666666
1 0.428125 0.08055555555555556 0.18489583333333334 0.5731481481481482
2 0.5713541666666667 0.6194444444444445 0.04895833333333333 0.16574074074074074
2 0.4317708333333333 0.5370370370370371 0.04375 0.15555555555555556
2 0.5760416666666667 0.15833333333333333 0.04479166666666667 0.18425925925925926
2 0.42291666666666666 0.07222222222222222 0.04635416666666667 0.1787037037037037
11 0.49375 0.1259259259259259 0.04739583333333333 0.1037037037037037
7 0.46041666666666664 0.000925925925925926 0.11666666666666667 0.1361111111111111
