4 0.12604166666666666 0.21851851851851853 0.0953125 0.08611111111111111
4 0.18333333333333332 0.7222222222222222 0.08697916666666666 0.0712962962962963
4 0.7526041666666666 0.6962962962962963 0.09739583333333333 0.10462962962962963
4 0.734375 0.3138888888888889 0.0984375 0.12314814814814815
4 0.44947916666666665 0.42685185185185187 0.09635416666666667 0.1287037037037037
4 0.43020833333333336 0.5074074074074074 0.06666666666666667 0.06666666666666667
4 0.5177083333333333 0.9268518518518518 0.08125 0.07314814814814814
1 0.30364583333333334 0.016666666666666666 0.32864583333333336 0.5842592592592593
2 0.2984375 0.13055555555555556 0.0453125 0.16018518518518518
2 0.37395833333333334 0.5592592592592592 0.03854166666666667 0.287962962962963
2 0.6026041666666667 0.4898148148148148 0.04010416666666667 0.12777777777777777
2 0.58125 0.017592592592592594 0.04375 0.15462962962962962
11 0.4630208333333333 0.0787037037037037 0.04583333333333333 0.09814814814814815
