1 0.30833333333333335 0.1648148148148148 0.38125 0.5425925925925926
4 0.14479166666666668 0.8601851851851852 0.08177083333333333 0.1398148148148148
4 0.16979166666666667 0.44907407407407407 0.08072916666666667 0.11203703703703703
4 0.5270833333333333 0.5111111111111111 0.0734375 0.1111111111111111
4 0.4010416666666667 0.6712962962962963 0.0609375 0.05
4 0.6635416666666667 0.8462962962962963 0.06614583333333333 0.0712962962962963
4 0.7427083333333333 0.31574074074074077 0.0671875 0.08796296296296297
2 0.30052083333333335 0.6398148148148148 0.03802083333333333 0.14351851851851852
2 0.571875 0.675 0.04114583333333333 0.30092592592592593
2 0.6536458333333334 0.2111111111111111 0.03802083333333333 0.15648148148148147
2 0.3125 0.16666666666666666 0.04010416666666667 0.15092592592592594
11 0.44895833333333335 0.16574074074074074 0.04791666666666667 0.12129629629629629
7 0.4166666666666667 0.000925925925925926 0.10729166666666666 0.17407407407407408
