4 0.075 0.35185185185185186 0.1046875 0.12314814814814815
4 0.4119791666666667 0.6694444444444444 0.09583333333333334 0.0824074074074074
4 0.7109375 0.8861111111111111 0.09739583333333333 0.08703703703703704
4 0.7994791666666666 0.23333333333333334 0.09375 0.1037037037037037
4 0.46041666666666664 0.41203703703703703 0.10260416666666666 0.13518518518518519
1 0.2791666666666667 0.016666666666666666 0.42135416666666664 0.6481481481481481
2 0.5723958333333333 0.6268518518518519 0.0515625 0.3685185185185185
2 0.27395833333333336 0.5944444444444444 0.046875 0.17685185185185184
2 0.2833333333333333 0.018518518518518517 0.04895833333333333 0.18981481481481483
2 0.6588541666666666 0.08055555555555556 0.052083333333333336 0.1925925925925926
11 0.43697916666666664 0.053703703703703705 0.05625 0.11481481481481481
