4 0.017708333333333333 0.5638888888888889 0.1078125 0.23425925925925925
2 0.2296875 0.03333333333333333 0.05416666666666667 0.22407407407407406
4 0.4953125 0.7351851851851852 0.10208333333333333 0.24259259259259258
4 0.8546875 0.6648148148148149 0.09739583333333333 0.1175925925925926
4 0.8192708333333333 0.18518518518518517 0.09635416666666667 0.1527777777777778
2 0.6859375 0.20833333333333334 0.052083333333333336 0.20925925925925926
2 0.7177083333333333 0.8305555555555556 0.0515625 0.1675925925925926
2 0.3494791666666667 0.6416666666666667 0.05677083333333333 0.35833333333333334
4 0.4973958333333333 0.6731481481481482 0.084375 0.11018518518518519
1 0.228125 0.03148148148148148 0.5255208333333333 0.8287037037037037
11 0.49583333333333335 0.18333333333333332 0.03802083333333333 0.09259259259259259
7 0.4432291666666667 0.000925925925925926 0.14166666666666666 0.18703703703703703
4 0.36770833333333336 0.01574074074074074 0.0984375 0.14907407407407408
