4 0.1296875 0.6962962962962963 0.11666666666666667 0.06759259259259259
4 0.2484375 0.4361111111111111 0.11458333333333333 0.06851851851851852
4 0.11510416666666666 0.20092592592592592 0.12552083333333333 0.07777777777777778
4 0.25729166666666664 0.05462962962962963 0.11979166666666667 0.07314814814814814
4 0.5895833333333333 0.29814814814814816 0.12604166666666666 0.11481481481481481
4 0.7223958333333333 0.14351851851851852 0.12135416666666667 0.11203703703703703
4 0.728125 0.5259259259259259 0.12291666666666666 0.08611111111111111
4 0.6213541666666667 0.7870370370370371 0.125 0.09351851851851851
2 0.41458333333333336 0.4759259259259259 0.044270833333333336 0.2898148148148148
2 0.5234375 0.3648148148148148 0.0421875 0.13333333333333333
2 0.3776041666666667 0.06759259259259259 0.04583333333333333 0.15648148148148147
1 0.3828125 0.000925925925925926 0.17395833333333333 0.5037037037037037
