4 0.15833333333333333 0.32407407407407407 0.0890625 0.06018518518518518
4 0.18333333333333332 0.6833333333333333 0.084375 0.05740740740740741
4 0.528125 0.7703703703703704 0.08645833333333333 0.07592592592592592
4 0.6302083333333334 0.562962962962963 0.08854166666666667 0.07222222222222222
4 0.49895833333333334 0.41203703703703703 0.0953125 0.09351851851851851
4 0.628125 0.27870370370370373 0.0921875 0.08518518518518518
4 0.30104166666666665 0.48518518518518516 0.08177083333333333 0.04814814814814815
1 0.35052083333333334 0.11018518518518519 0.16614583333333333 0.42777777777777776
2 0.384375 0.5268518518518519 0.0328125 0.2212962962962963
2 0.4942708333333333 0.44166666666666665 0.03177083333333333 0.10462962962962963
2 0.3484375 0.22777777777777777 0.033854166666666664 0.12777777777777777
7 0.403125 0.000925925925925926 0.07395833333333333 0.16018518518518518
