1 0.4708333333333333 0.05185185185185185 0.18333333333333332 0.6055555555555555
4 0.6932291666666667 0.19907407407407407 0.13333333333333333 0.09166666666666666
4 0.8208333333333333 0.2972222222222222 0.13854166666666667 0.09907407407407408
4 0.675 0.6175925925925926 0.13697916666666668 0.08333333333333333
4 0.8338541666666667 0.7185185185185186 0.140625 0.08333333333333333
4 0.28541666666666665 0.862037037037037 0.14791666666666667 0.10925925925925926
4 0.12760416666666666 0.7574074074074074 0.1453125 0.13148148148148148
4 0.2713541666666667 0.4564814814814815 0.15 0.14444444444444443
4 0.1546875 0.3435185185185185 0.14479166666666668 0.12129629629629629
2 0.6088541666666667 0.6416666666666667 0.050520833333333334 0.1787037037037037
2 0.4630208333333333 0.55 0.050520833333333334 0.16944444444444445
2 0.6125 0.1574074074074074 0.05677083333333333 0.18611111111111112
2 0.4635416666666667 0.049074074074074076 0.0515625 0.18888888888888888
11 0.5489583333333333 0.0962962962962963 0.0328125 0.11296296296296296
7 0.503125 0.000925925925925926 0.12135416666666667 0.09444444444444444
