1 0.4328125 0.013888888888888888 0.29322916666666665 0.5518518518518518
4 0.22916666666666666 0.2722222222222222 0.10625 0.09259259259259259
4 0.1953125 0.6620370370370371 0.10260416666666666 0.12407407407407407
4 0.4119791666666667 0.8796296296296297 0.109375 0.12037037037037036
4 0.771875 0.7064814814814815 0.096875 0.07407407407407407
4 0.8458333333333333 0.18981481481481483 0.0875 0.08611111111111111
4 0.4817708333333333 0.3574074074074074 0.103125 0.10925925925925926
4 0.5640625 0.5111111111111111 0.08177083333333333 0.06111111111111111
2 0.6359375 0.5212962962962963 0.04479166666666667 0.2972222222222222
2 0.4239583333333333 0.4648148148148148 0.040625 0.1425925925925926
2 0.6901041666666666 0.08148148148148149 0.04479166666666667 0.16296296296296298
2 0.43854166666666666 0.013888888888888888 0.040625 0.15
11 0.5364583333333334 0.03888888888888889 0.050520833333333334 0.10185185185185185
