4 0.5546875 0.8592592592592593 0.1078125 0.12222222222222222
4 0.1828125 0.6481481481481481 0.0953125 0.07314814814814814
4 0.7583333333333333 0.22777777777777777 0.10364583333333334 0.12777777777777777
4 0.7651041666666667 0.5972222222222222 0.10520833333333333 0.11851851851851852
4 0.5083333333333333 0.3907407407407407 0.10364583333333334 0.14074074074074075
4 0.134375 0.16574074074074074 0.10260416666666666 0.08796296296296297
4 0.375 0.006481481481481481 0.10208333333333333 0.09537037037037037
2 0.39739583333333334 0.4861111111111111 0.049479166666666664 0.29907407407407405
2 0.33541666666666664 0.08703703703703704 0.0484375 0.16574074074074074
1 0.3380208333333333 0.000925925925925926 0.29270833333333335 0.5175925925925926
11 0.48385416666666664 0.016666666666666666 0.03802083333333333 0.08703703703703704
