1 0.23333333333333334 0.000925925925925926 0.31614583333333335 0.5305555555555556
4 0.6588541666666666 0.6 0.09322916666666667 0.10925925925925926
4 0.65 0.25 0.09114583333333333 0.12222222222222222
4 0.125 0.6314814814814815 0.0859375 0.07407407407407407
4 0.4421875 0.8555555555555555 0.08958333333333333 0.10925925925925926
4 0.059375 0.17407407407407408 0.0875 0.08425925925925926
4 0.38229166666666664 0.4009259259259259 0.08958333333333333 0.13333333333333333
4 0.3229166666666667 0.03796296296296296 0.08125 0.07777777777777778
2 0.23177083333333334 0.11574074074074074 0.04479166666666667 0.1638888888888889
2 0.3020833333333333 0.5055555555555555 0.044270833333333336 0.27685185185185185
2 0.515625 0.3925925925925926 0.042708333333333334 0.14074074074074075
2 0.49947916666666664 0.000925925925925926 0.040625 0.1175925925925926
11 0.3953125 0.05555555555555555 0.0265625 0.07592592592592592
