1 0.4036458333333333 0.010185185185185186 0.325 0.5342592592592592
4 0.22604166666666667 0.262037037037037 0.0921875 0.09259259259259259
4 0.21041666666666667 0.6657407407407407 0.08697916666666666 0.11296296296296296
4 0.43645833333333334 0.8666666666666667 0.09010416666666667 0.11203703703703703
4 0.7682291666666666 0.7212962962962963 0.08125 0.0712962962962963
4 0.5354166666666667 0.524074074074074 0.084375 0.07777777777777778
4 0.5078125 0.33055555555555555 0.09166666666666666 0.10092592592592593
4 0.8229166666666666 0.18055555555555555 0.084375 0.08796296296296297
2 0.6854166666666667 0.06759259259259259 0.052083333333333336 0.16666666666666666
2 0.4015625 0.017592592592592594 0.050520833333333334 0.1527777777777778
2 0.4005208333333333 0.47962962962962963 0.043229166666666666 0.15555555555555556
2 0.6296875 0.5175925925925926 0.044270833333333336 0.3138888888888889
11 0.5265625 0.018518518518518517 0.04791666666666667 0.11666666666666667
