4 0.13854166666666667 0.674074074074074 0.1 0.06388888888888888
4 0.5260416666666666 0.8222222222222222 0.10416666666666667 0.10185185185185185
4 0.7307291666666667 0.5814814814814815 0.10416666666666667 0.10185185185185185
4 0.7234375 0.19444444444444445 0.10833333333333334 0.11666666666666667
4 0.0984375 0.16111111111111112 0.1046875 0.07962962962962963
4 0.478125 0.32685185185185184 0.10572916666666667 0.12129629629629629
1 0.309375 0.000925925925925926 0.28541666666666665 0.4981481481481482
2 0.3625 0.4740740740740741 0.04635416666666667 0.29074074074074074
2 0.5713541666666667 0.39351851851851855 0.04114583333333333 0.13518518518518519
2 0.30572916666666666 0.046296296296296294 0.04739583333333333 0.16111111111111112
