4 0.7473958333333334 0.7185185185185186 0.0984375 0.0712962962962963
4 0.8244791666666667 0.16296296296296298 0.09010416666666667 0.09537037037037037
4 0.3765625 0.8138888888888889 0.09947916666666666 0.11574074074074074
4 0.5375 0.5555555555555556 0.096875 0.06574074074074074
4 0.15572916666666667 0.6240740740740741 0.10416666666666667 0.11666666666666667
4 0.19010416666666666 0.20833333333333334 0.1046875 0.08981481481481482
4 0.45260416666666664 0.23981481481481481 0.10416666666666667 0.10555555555555556
2 0.6083333333333333 0.4666666666666667 0.041666666666666664 0.31574074074074077
2 0.39010416666666664 0.4537037037037037 0.04114583333333333 0.15
2 0.6682291666666667 0.000925925925925926 0.04791666666666667 0.16666666666666666
2 0.39947916666666666 0.000925925925925926 0.04635416666666667 0.1361111111111111
1 0.3963541666666667 0.000925925925925926 0.31666666666666665 0.4861111111111111
11 0.521875 0.000925925925925926 0.023958333333333335 0.07962962962962963
