4 0.6609375 0.31296296296296294 0.12604166666666666 0.08703703703703704
4 0.6192708333333333 0.387037037037037 0.1265625 0.0824074074074074
4 0.6901041666666666 0.4898148148148148 0.12916666666666668 0.08888888888888889
4 0.6567708333333333 0.5685185185185185 0.12916666666666668 0.0962962962962963
4 0.11145833333333334 0.6574074074074074 0.146875 0.10555555555555556
4 0.153125 0.5601851851851852 0.15 0.11851851851851852
4 0.08385416666666666 0.4740740740740741 0.14270833333333333 0.09074074074074075
4 0.125 0.38425925925925924 0.14739583333333334 0.1175925925925926
2 0.47760416666666666 0.4361111111111111 0.0515625 0.1
2 0.4505208333333333 0.575925925925926 0.052083333333333336 0.0824074074074074
2 0.42135416666666664 0.38981481481481484 0.04583333333333333 0.08611111111111111
7 0.45260416666666664 0.000925925925925926 0.1359375 0.3851851851851852
