4 0.3234375 0.687962962962963 0.049479166666666664 0.2222222222222222
4 0.4125 0.7935185185185185 0.04479166666666667 0.19814814814814816
4 0.42604166666666665 0.6064814814814815 0.049479166666666664 0.2175925925925926
4 0.5171875 0.7055555555555556 0.04895833333333333 0.20092592592592592
4 0.6609375 0.1287037037037037 0.075 0.12777777777777777
4 0.55625 0.22407407407407406 0.07395833333333333 0.12777777777777777
4 0.5776041666666667 0.028703703703703703 0.078125 0.15092592592592594
2 0.5463541666666667 0.38981481481481484 0.059375 0.09074074074074075
2 0.3578125 0.2759259259259259 0.0671875 0.12037037037037036
2 0.45989583333333334 0.19166666666666668 0.06822916666666666 0.12129629629629629
2 0.47239583333333335 0.4925925925925926 0.028125 0.07407407407407407
1 0.3609375 0.18703703703703703 0.2421875 0.2851851851851852
11 0.3697916666666667 0.15648148148148147 0.0609375 0.12222222222222222
7 0.284375 0.000925925925925926 0.14895833333333333 0.23981481481481481
