4 0.17916666666666667 0.5472222222222223 0.12552083333333333 0.0787037037037037
4 0.1796875 0.6231481481481481 0.11979166666666667 0.07314814814814814
4 0.14895833333333333 0.7231481481481481 0.12760416666666666 0.07685185185185185
4 0.153125 0.7962962962962963 0.128125 0.07037037037037037
4 0.6578125 0.8537037037037037 0.1328125 0.08796296296296297
4 0.6458333333333334 0.7833333333333333 0.13697916666666668 0.10555555555555556
4 0.6703125 0.6175925925925926 0.13385416666666666 0.09444444444444444
4 0.6786458333333333 0.6833333333333333 0.13333333333333333 0.08611111111111111
2 0.4171875 0.674074074074074 0.05 0.08703703703703704
2 0.4359375 0.7888888888888889 0.0546875 0.08333333333333333
4 0.6817708333333333 0.05277777777777778 0.1046875 0.06018518518518518
7 0.32864583333333336 0.000925925925925926 0.16458333333333333 0.6277777777777778
