4 0.12083333333333333 0.4564814814814815 0.11041666666666666 0.08425925925925926
4 0.19427083333333334 0.2657407407407407 0.11302083333333333 0.11388888888888889
4 0.6234375 0.17222222222222222 0.11458333333333333 0.08703703703703704
4 0.53125 0.35185185185185186 0.10833333333333334 0.08055555555555556
4 0.6697916666666667 0.6787037037037037 0.11302083333333333 0.06851851851851852
4 0.15104166666666666 0.7962962962962963 0.10625 0.11203703703703703
4 0.23177083333333334 0.7898148148148149 0.11510416666666666 0.12314814814814815
2 0.39375 0.6351851851851852 0.04375 0.1361111111111111
2 0.4630208333333333 0.4740740740740741 0.06302083333333333 0.2898148148148148
2 0.421875 0.05555555555555555 0.05520833333333333 0.14351851851851852
1 0.33697916666666666 0.05277777777777778 0.153125 0.6472222222222223
7 0.34479166666666666 0.000925925925925926 0.0734375 0.19166666666666668
