1 0.2838541666666667 0.11018518518518519 0.24166666666666667 0.537962962962963
4 0.490625 0.7712962962962963 0.06614583333333333 0.11388888888888889
4 0.6572916666666667 0.562037037037037 0.06822916666666666 0.11018518518518519
4 0.5802083333333333 0.3 0.07135416666666666 0.10092592592592593
4 0.4015625 0.6175925925925926 0.0703125 0.09814814814814815
4 0.21354166666666666 0.36203703703703705 0.0515625 0.07962962962962963
4 0.2947916666666667 0.5120370370370371 0.05364583333333333 0.08148148148148149
4 0.3880208333333333 0.06388888888888888 0.052083333333333336 0.07037037037037037
2 0.46197916666666666 0.10277777777777777 0.04791666666666667 0.08888888888888889
2 0.28541666666666665 0.4185185185185185 0.0515625 0.08981481481481482
2 0.37395833333333334 0.6194444444444445 0.0421875 0.07685185185185185
2 0.5135416666666667 0.3592592592592593 0.06875 0.1259259259259259
7 0.18958333333333333 0.000925925925925926 0.20520833333333333 0.34814814814814815
