4 0.19791666666666666 0.6018518518518519 0.1 0.06388888888888888
4 0.6052083333333333 0.7759259259259259 0.10416666666666667 0.10925925925925926
4 0.7828125 0.5185185185185185 0.10833333333333334 0.10462962962962963
4 0.7796875 0.1388888888888889 0.10572916666666667 0.11666666666666667
4 0.14479166666666668 0.10833333333333334 0.1015625 0.08055555555555556
4 0.5348958333333333 0.2722222222222222 0.10625 0.11851851851851852
2 0.36302083333333335 0.007407407407407408 0.04114583333333333 0.16574074074074074
2 0.42552083333333335 0.4166666666666667 0.0453125 0.2953703703703704
2 0.6208333333333333 0.3388888888888889 0.03802083333333333 0.1287037037037037
1 0.36770833333333336 0.000925925925925926 0.2760416666666667 0.43425925925925923
