4 0.6890625 0.649074074074074 0.090625 0.07314814814814814
4 0.3375 0.837037037037037 0.09322916666666667 0.12777777777777777
4 0.12760416666666666 0.6138888888888889 0.09739583333333333 0.12685185185185185
4 0.7505208333333333 0.18055555555555555 0.0875 0.06851851851851852
4 0.409375 0.36203703703703705 0.1 0.10185185185185185
4 0.1453125 0.25 0.10104166666666667 0.10277777777777777
2 0.5494791666666666 0.49907407407407406 0.041666666666666664 0.28425925925925927
2 0.3515625 0.42592592592592593 0.03802083333333333 0.13703703703703704
2 0.6036458333333333 0.09259259259259259 0.043229166666666666 0.1574074074074074
1 0.3572916666666667 0.000925925925925926 0.2859375 0.5138888888888888
11 0.46770833333333334 0.03888888888888889 0.030729166666666665 0.08611111111111111
