1 0.30572916666666666 0.03518518518518519 0.2989583333333333 0.5185185185185185
4 0.14166666666666666 0.2175925925925926 0.07760416666666667 0.06944444444444445
4 0.18802083333333333 0.7055555555555556 0.08177083333333333 0.06759259259259259
4 0.5026041666666666 0.8537037037037037 0.08802083333333334 0.09814814814814815
4 0.7125 0.6388888888888888 0.0921875 0.08981481481481482
4 0.6989583333333333 0.26296296296296295 0.09270833333333334 0.10925925925925926
4 0.4484375 0.35555555555555557 0.0921875 0.12037037037037036
4 0.39114583333333336 0.5092592592592593 0.08489583333333334 0.044444444444444446
2 0.3645833333333333 0.5361111111111111 0.0390625 0.2814814814814815
2 0.5744791666666667 0.47314814814814815 0.04114583333333333 0.13425925925925927
2 0.5604166666666667 0.03796296296296296 0.0390625 0.14722222222222223
2 0.29739583333333336 0.11203703703703703 0.04010416666666667 0.15462962962962962
11 0.44947916666666665 0.07777777777777778 0.041666666666666664 0.08148148148148149
7 0.4244791666666667 0.000925925925925926 0.09114583333333333 0.08055555555555556
