1 0.3927083333333333 0.05740740740740741 0.3385416666666667 0.49166666666666664
2 0.6979166666666666 0.5287037037037037 0.034895833333333334 0.12407407407407407
2 0.465625 0.43703703703703706 0.03229166666666667 0.24351851851851852
2 0.6791666666666667 0.15 0.03333333333333333 0.14444444444444443
2 0.3859375 0.062037037037037036 0.03958333333333333 0.1361111111111111
4 0.2947916666666667 0.37407407407407406 0.05520833333333333 0.15092592592592594
4 0.3765625 0.7981481481481482 0.0546875 0.12222222222222222
4 0.6083333333333333 0.7796296296296297 0.059375 0.14074074074074075
4 0.7734375 0.4083333333333333 0.051041666666666666 0.08888888888888889
4 0.7520833333333333 0.11574074074074074 0.04739583333333333 0.09907407407407408
4 0.46145833333333336 0.03518518518518519 0.050520833333333334 0.08796296296296297
4 0.5885416666666666 0.4638888888888889 0.05416666666666667 0.15555555555555556
4 0.540625 0.44351851851851853 0.046875 0.08425925925925926
11 0.5546875 0.125 0.0375 0.07777777777777778
7 0.5260416666666666 0.000925925925925926 0.0875 0.12962962962962962
