1 0.403125 0.000925925925925926 0.33177083333333335 0.5194444444444445
4 0.18541666666666667 0.6111111111111112 0.10052083333333334 0.09444444444444444
4 0.42135416666666664 0.7981481481481482 0.10260416666666666 0.1
4 0.7520833333333333 0.7055555555555556 0.08958333333333333 0.06481481481481481
4 0.8291666666666667 0.1787037037037037 0.08489583333333334 0.09351851851851851
4 0.503125 0.24444444444444444 0.09635416666666667 0.09537037037037037
4 0.5265625 0.5398148148148149 0.090625 0.06111111111111111
4 0.21197916666666666 0.20277777777777778 0.09895833333333333 0.09444444444444444
2 0.6916666666666667 0.03518518518518519 0.04479166666666667 0.16018518518518518
2 0.4114583333333333 0.000925925925925926 0.0421875 0.16018518518518518
2 0.6213541666666667 0.48333333333333334 0.042708333333333334 0.2972222222222222
2 0.396875 0.4564814814814815 0.0390625 0.1537037037037037
11 0.5234375 0.003703703703703704 0.04635416666666667 0.11018518518518519
