1 0.2869791666666667 0.012962962962962963 0.34479166666666666 0.5851851851851851
4 0.08125 0.22037037037037038 0.09635416666666667 0.08425925925925926
4 0.12864583333333332 0.825 0.09947916666666666 0.0824074074074074
4 0.7651041666666667 0.7037037037037037 0.11614583333333334 0.09907407407407408
4 0.7505208333333333 0.23425925925925925 0.11666666666666667 0.125
4 0.3614583333333333 0.6111111111111112 0.0984375 0.07037037037037037
4 0.47552083333333334 0.30185185185185187 0.11822916666666666 0.13240740740740742
2 0.2859375 0.05462962962962963 0.04739583333333333 0.18518518518518517
2 0.5744791666666667 0.010185185185185186 0.0484375 0.17314814814814813
2 0.5869791666666667 0.5342592592592592 0.05 0.15648148148148147
2 0.35520833333333335 0.575 0.04895833333333333 0.3398148148148148
11 0.45260416666666664 0.02962962962962963 0.052083333333333336 0.1111111111111111
