1 0.3255208333333333 0.05740740740740741 0.39114583333333336 0.6231481481481481
4 0.09739583333333333 0.2851851851851852 0.11614583333333334 0.11203703703703703
4 0.8338541666666667 0.26851851851851855 0.09791666666666667 0.10555555555555556
4 0.06458333333333334 0.7833333333333333 0.11979166666666667 0.11388888888888889
4 0.4744791666666667 0.7027777777777777 0.103125 0.07962962962962963
4 0.746875 0.8972222222222223 0.10104166666666667 0.08425925925925926
4 0.4432291666666667 0.3388888888888889 0.11875 0.1111111111111111
2 0.315625 0.6018518518518519 0.051041666666666666 0.18333333333333332
2 0.5885416666666666 0.6287037037037037 0.053125 0.3611111111111111
2 0.675 0.08796296296296297 0.04635416666666667 0.19722222222222222
2 0.3338541666666667 0.05555555555555555 0.0515625 0.18888888888888888
11 0.4635416666666667 0.06111111111111111 0.06302083333333333 0.12962962962962962
7 0.4328125 0.000925925925925926 0.11770833333333333 0.0712962962962963
