4 0.17604166666666668 0.6703703703703704 0.08229166666666667 0.1259259259259259
4 0.2015625 0.27314814814814814 0.08385416666666666 0.10092592592592593
4 0.43802083333333336 0.8527777777777777 0.08125 0.1388888888888889
4 0.7005208333333334 0.687037037037037 0.0703125 0.07037037037037037
4 0.4546875 0.5120370370370371 0.078125 0.07037037037037037
4 0.778125 0.17222222222222222 0.07604166666666666 0.075
4 0.5177083333333333 0.3333333333333333 0.08177083333333333 0.10462962962962963
2 0.6713541666666667 0.05185185185185185 0.04479166666666667 0.1638888888888889
2 0.3578125 0.003703703703703704 0.0421875 0.16018518518518518
2 0.3453125 0.4722222222222222 0.03697916666666667 0.12777777777777777
2 0.5979166666666667 0.49907407407407406 0.04114583333333333 0.30648148148148147
1 0.36302083333333335 0.003703703703703704 0.35 0.5305555555555556
11 0.4828125 0.025925925925925925 0.05 0.0962962962962963
