1 0.33177083333333335 0.04814814814814815 0.3260416666666667 0.5685185185185185
2 0.39114583333333336 0.5935185185185186 0.04635416666666667 0.33055555555555555
2 0.6229166666666667 0.562037037037037 0.0453125 0.16018518518518518
2 0.3182291666666667 0.08703703703703704 0.0484375 0.18425925925925926
2 0.603125 0.049074074074074076 0.04739583333333333 0.1648148148148148
4 0.1 0.26666666666666666 0.10625 0.08611111111111111
4 0.1609375 0.8601851851851852 0.10260416666666666 0.08796296296296297
4 0.7994791666666666 0.7314814814814815 0.109375 0.10925925925925926
4 0.7869791666666667 0.2851851851851852 0.11458333333333333 0.12685185185185185
4 0.3890625 0.6638888888888889 0.10104166666666667 0.07222222222222222
11 0.484375 0.05925925925925926 0.049479166666666664 0.11666666666666667
7 0.45677083333333335 0.000925925925925926 0.1046875 0.05740740740740741
