4 0.18072916666666666 0.6129629629629629 0.08541666666666667 0.05925925925925926
4 0.5364583333333334 0.7379629629629629 0.09895833333333333 0.08333333333333333
4 0.6859375 0.5092592592592593 0.09583333333333334 0.08796296296296297
4 0.6828125 0.17314814814814813 0.1 0.1
4 0.496875 0.287962962962963 0.1015625 0.11203703703703703
4 0.14166666666666666 0.17037037037037037 0.09375 0.07407407407407407
4 0.34270833333333334 0.40925925925925927 0.08229166666666667 0.05185185185185185
2 0.38385416666666666 0.42592592592592593 0.04479166666666667 0.2675925925925926
2 0.5375 0.3527777777777778 0.03229166666666667 0.12129629629629629
2 0.33177083333333335 0.05925925925925926 0.04479166666666667 0.1398148148148148
1 0.3390625 0.000925925925925926 0.23177083333333334 0.4564814814814815
11 0.4473958333333333 0.000925925925925926 0.03333333333333333 0.09444444444444444
