1 0.33177083333333335 0.08148148148148149 0.2875 0.4759259259259259
4 0.23177083333333334 0.3638888888888889 0.05520833333333333 0.12222222222222222
4 0.29583333333333334 0.75 0.05364583333333333 0.11666666666666667
4 0.5041666666666667 0.7435185185185185 0.057291666666666664 0.11944444444444445
4 0.66875 0.4546296296296296 0.049479166666666664 0.06759259259259259
4 0.48802083333333335 0.45185185185185184 0.05416666666666667 0.13333333333333333
4 0.6515625 0.17407407407407408 0.050520833333333334 0.08981481481481482
4 0.4666666666666667 0.46944444444444444 0.049479166666666664 0.05277777777777778
2 0.5807291666666666 0.17685185185185184 0.034375 0.12407407407407407
2 0.32708333333333334 0.08148148148148149 0.033854166666666664 0.1175925925925926
2 0.5984375 0.5277777777777778 0.030729166666666665 0.11018518518518519
2 0.3921875 0.4351851851851852 0.03125 0.21481481481481482
11 0.47239583333333335 0.1527777777777778 0.0328125 0.06759259259259259
7 0.45 0.000925925925925926 0.08072916666666667 0.16018518518518518
