4 0.6020833333333333 0.8712962962962963 0.1390625 0.11574074074074074
4 0.7791666666666667 0.5953703703703703 0.13125 0.11481481481481481
4 0.78125 0.14351851851851852 0.13697916666666668 0.14444444444444443
4 0.05260416666666667 0.14814814814814814 0.13072916666666667 0.08611111111111111
4 0.2833333333333333 0.4824074074074074 0.12239583333333333 0.08055555555555556
4 0.5588541666666667 0.2796296296296296 0.14114583333333333 0.1388888888888889
4 0.08958333333333333 0.7472222222222222 0.12395833333333334 0.0712962962962963
2 0.3890625 0.4925925925925926 0.049479166666666664 0.33611111111111114
2 0.5723958333333333 0.4009259259259259 0.049479166666666664 0.1638888888888889
2 0.33177083333333335 0.001851851851851852 0.052083333333333336 0.17037037037037037
1 0.3411458333333333 0.000925925925925926 0.26979166666666665 0.5148148148148148
