1 0.37552083333333336 0.08333333333333333 0.2598958333333333 0.45092592592592595
4 0.3541666666666667 0.8175925925925925 0.0390625 0.1787037037037037
4 0.5994791666666667 0.8101851851851852 0.028125 0.1537037037037037
4 0.5958333333333333 0.47962962962962963 0.0359375 0.17222222222222222
4 0.35208333333333336 0.4601851851851852 0.03697916666666667 0.16111111111111112
2 0.36875 0.0824074074074074 0.042708333333333334 0.1648148148148148
2 0.6015625 0.08425925925925926 0.04375 0.15833333333333333
2 0.37916666666666665 0.512962962962963 0.040625 0.14722222222222223
11 0.47760416666666666 0.09444444444444444 0.0515625 0.0962962962962963
7 0.44895833333333335 0.000925925925925926 0.11510416666666666 0.09907407407407408
