4 0.2890625 0.03611111111111111 0.11354166666666667 0.08888888888888889
4 0.09166666666666666 0.25 0.11354166666666667 0.09259259259259259
4 0.7270833333333333 0.22777777777777777 0.115625 0.12777777777777777
4 0.5354166666666667 0.46296296296296297 0.12135416666666667 0.13148148148148148
4 0.125 0.7027777777777777 0.11041666666666666 0.07037037037037037
4 0.5729166666666666 0.8953703703703704 0.12135416666666667 0.10462962962962963
4 0.2875 0.3962962962962963 0.10989583333333333 0.07314814814814814
2 0.3359375 0.17314814814814813 0.04635416666666667 0.16296296296296298
2 0.3880208333333333 0.5407407407407407 0.043229166666666666 0.29074074074074074
1 0.34479166666666666 0.000925925925925926 0.2328125 0.5611111111111111
11 0.4588541666666667 0.06851851851851852 0.030208333333333334 0.08333333333333333
7 0.4244791666666667 0.000925925925925926 0.0953125 0.07314814814814814
