4 0.6880208333333333 0.7287037037037037 0.11510416666666666 0.06296296296296296
4 0.6505208333333333 0.5027777777777778 0.1078125 0.06574074074074074
4 0.6989583333333333 0.27870370370370373 0.11770833333333333 0.08518518518518518
4 0.6578125 0.16111111111111112 0.1046875 0.08148148148148149
4 0.2328125 0.7759259259259259 0.11354166666666667 0.08981481481481482
4 0.22083333333333333 0.5509259259259259 0.1046875 0.08148148148148149
4 0.24114583333333334 0.3351851851851852 0.11666666666666667 0.08148148148148149
4 0.22760416666666666 0.21203703703703702 0.11041666666666666 0.0824074074074074
2 0.50625 0.5083333333333333 0.0375 0.2611111111111111
2 0.48072916666666665 0.4287037037037037 0.029166666666666667 0.12037037037037036
2 0.5010416666666667 0.13425925925925927 0.03958333333333333 0.14444444444444443
7 0.45729166666666665 0.000925925925925926 0.08489583333333334 0.0712962962962963
