4 0.12604166666666666 0.8398148148148148 0.14479166666666668 0.08981481481481482
4 0.6963541666666667 0.8481481481481481 0.1453125 0.09259259259259259
4 0.69375 0.4722222222222222 0.140625 0.08148148148148149
4 0.7083333333333334 0.37407407407407406 0.1453125 0.12037037037037036
4 0.70625 0.07777777777777778 0.140625 0.11574074074074074
4 0.159375 0.06944444444444445 0.14322916666666666 0.08796296296296297
4 0.13125 0.37037037037037035 0.14583333333333334 0.08703703703703704
4 0.14583333333333334 0.4601851851851852 0.13645833333333332 0.08796296296296297
2 0.46145833333333336 0.5555555555555556 0.05364583333333333 0.325
2 0.46041666666666664 0.17685185185185184 0.051041666666666666 0.1712962962962963
