1 0.4078125 0.009259259259259259 0.2640625 0.4212962962962963
4 0.378125 0.7712962962962963 0.0421875 0.21296296296296297
4 0.36822916666666666 0.45 0.046875 0.18611111111111112
4 0.6072916666666667 0.7407407407407407 0.043229166666666666 0.19722222222222222
4 0.6114583333333333 0.4546296296296296 0.04114583333333333 0.2064814814814815
4 0.6635416666666667 0.1814814814814815 0.03802083333333333 0.12222222222222222
2 0.41822916666666665 0.41203703703703703 0.040625 0.1398148148148148
2 0.646875 0.4083333333333333 0.03125 0.12777777777777777
2 0.4046875 0.020370370370370372 0.03854166666666667 0.16203703703703703
2 0.6390625 0.012962962962962963 0.040625 0.14907407407407408
11 0.5234375 0.05277777777777778 0.03177083333333333 0.07037037037037037
