4 0.18802083333333333 0.38425925925925924 0.065625 0.10648148148148148
4 0.3984375 0.8148148148148148 0.07395833333333333 0.175
4 0.6854166666666667 0.8037037037037037 0.07552083333333333 0.1787037037037037
4 0.7463541666666667 0.2824074074074074 0.0765625 0.15
4 0.4041666666666667 0.43333333333333335 0.07447916666666667 0.15185185185185185
4 0.45729166666666665 0.38425925925925924 0.06510416666666667 0.09907407407407408
4 0.1796875 0.025 0.065625 0.09444444444444444
2 0.2875 0.5111111111111111 0.04479166666666667 0.14351851851851852
2 0.5677083333333334 0.37407407407407406 0.0421875 0.26481481481481484
2 0.3026041666666667 0.053703703703703705 0.04010416666666667 0.15462962962962962
2 0.6432291666666666 0.000925925925925926 0.04375 0.06944444444444445
11 0.453125 0.02962962962962963 0.033854166666666664 0.07777777777777778
1 0.30052083333333335 0.000925925925925926 0.346875 0.5398148148148149
