4 0.12864583333333332 0.8722222222222222 0.14791666666666667 0.08703703703703704
4 0.1375 0.562037037037037 0.15677083333333333 0.08425925925925926
4 0.1515625 0.3351851851851852 0.14270833333333333 0.08703703703703704
4 0.17447916666666666 0.03888888888888889 0.15052083333333333 0.08148148148148149
4 0.7604166666666666 0.04814814814814815 0.15052083333333333 0.09722222222222222
4 0.7458333333333333 0.34629629629629627 0.14895833333333333 0.08703703703703704
4 0.7494791666666667 0.5787037037037037 0.15677083333333333 0.09444444444444444
4 0.7307291666666667 0.8805555555555555 0.1546875 0.08425925925925926
2 0.4864583333333333 0.6527777777777778 0.059375 0.25555555555555554
2 0.4822916666666667 0.4101851851851852 0.05260416666666667 0.14907407407407408
7 0.4666666666666667 0.000925925925925926 0.1140625 0.17777777777777778
