1 0.321875 0.03333333333333333 0.3229166666666667 0.549074074074074
4 0.190625 0.3675925925925926 0.06770833333333333 0.15
4 0.26197916666666665 0.8009259259259259 0.0703125 0.1398148148148148
4 0.4979166666666667 0.8314814814814815 0.06614583333333333 0.14351851851851852
4 0.4765625 0.5148148148148148 0.06979166666666667 0.16111111111111112
4 0.4822916666666667 0.41203703703703703 0.059895833333333336 0.08055555555555556
4 0.7098958333333333 0.42777777777777776 0.0609375 0.08518518518518518
4 0.6963541666666667 0.13055555555555556 0.058333333333333334 0.10277777777777777
4 0.40989583333333335 0.000925925925925926 0.06302083333333333 0.09814814814814815
7 0.45208333333333334 0.000925925925925926 0.09322916666666667 0.15092592592592594
2 0.6203125 0.5583333333333333 0.03333333333333333 0.10925925925925926
2 0.3859375 0.4212962962962963 0.0359375 0.23333333333333334
2 0.6046875 0.17592592592592593 0.034895833333333334 0.14166666666666666
2 0.31927083333333334 0.03333333333333333 0.034375 0.13333333333333333
11 0.48489583333333336 0.14444444444444443 0.0265625 0.06481481481481481
