4 0.14635416666666667 0.37407407407407406 0.06979166666666667 0.12777777777777777
4 0.39427083333333335 0.8592592592592593 0.07239583333333334 0.14074074074074075
4 0.6671875 0.8333333333333334 0.0765625 0.16666666666666666
4 0.4010416666666667 0.48333333333333334 0.0796875 0.16111111111111112
4 0.7432291666666667 0.3175925925925926 0.08020833333333334 0.15925925925925927
4 0.15260416666666668 0.028703703703703703 0.07708333333333334 0.10185185185185185
4 0.4197916666666667 0.3731481481481482 0.05625 0.09074074074074075
1 0.2869791666666667 0.000925925925925926 0.3625 0.5731481481481482
2 0.29583333333333334 0.09351851851851851 0.04375 0.1537037037037037
2 0.27708333333333335 0.5472222222222223 0.03958333333333333 0.13425925925925927
2 0.553125 0.4 0.04010416666666667 0.2638888888888889
2 0.6395833333333333 0.000925925925925926 0.0390625 0.08981481481481482
