1 0.39479166666666665 0.1111111111111111 0.32760416666666664 0.44351851851851853
7 0.5276041666666667 0.000925925925925926 0.09010416666666667 0.18981481481481483
4 0.45625 0.06018518518518518 0.049479166666666664 0.10092592592592593
4 0.3125 0.41944444444444445 0.052083333333333336 0.14722222222222223
4 0.53125 0.43796296296296294 0.05 0.08425925925925926
4 0.3890625 0.8018518518518518 0.05520833333333333 0.13425925925925927
4 0.6244791666666667 0.7759259259259259 0.052083333333333336 0.13148148148148148
4 0.7588541666666667 0.41388888888888886 0.04479166666666667 0.0787037037037037
4 0.7395833333333334 0.13148148148148148 0.0421875 0.09814814814814815
2 0.38958333333333334 0.10555555555555556 0.0359375 0.13148148148148148
2 0.6755208333333333 0.18796296296296297 0.0359375 0.12037037037037036
2 0.7015625 0.5398148148148149 0.03125 0.09907407407407408
2 0.46822916666666664 0.4564814814814815 0.035416666666666666 0.21666666666666667
