4 0.16458333333333333 0.2740740740740741 0.0734375 0.1685185185185185
4 0.24375 0.7361111111111112 0.078125 0.15185185185185185
4 0.4703125 0.4444444444444444 0.07552083333333333 0.15833333333333333
4 0.49166666666666664 0.7611111111111111 0.07760416666666667 0.16666666666666666
4 0.7505208333333333 0.31666666666666665 0.0671875 0.08981481481481482
4 0.7151041666666667 0.013888888888888888 0.07291666666666667 0.12037037037037036
4 0.5036458333333333 0.29074074074074074 0.06979166666666667 0.09444444444444444
2 0.6359375 0.49074074074074076 0.0390625 0.11481481481481481
2 0.39791666666666664 0.32592592592592595 0.034895833333333334 0.24074074074074073
2 0.6177083333333333 0.0712962962962963 0.040625 0.15092592592592594
1 0.35208333333333336 0.000925925925925926 0.315625 0.5148148148148148
