4 0.1453125 0.44814814814814813 0.04739583333333333 0.09814814814814815
4 0.14895833333333333 0.13703703703703704 0.053125 0.08333333333333333
4 0.4625 0.027777777777777776 0.05 0.08425925925925926
4 0.6213541666666667 0.40555555555555556 0.0578125 0.14351851851851852
4 0.40260416666666665 0.4685185185185185 0.053125 0.10833333333333334
4 0.29791666666666666 0.512962962962963 0.05625 0.14722222222222223
4 0.2984375 0.8601851851851852 0.050520833333333334 0.1398148148148148
4 0.5682291666666667 0.8703703703703703 0.05 0.12962962962962962
2 0.4869791666666667 0.4777777777777778 0.03697916666666667 0.2361111111111111
2 0.2265625 0.5703703703703704 0.034895833333333334 0.13148148148148148
2 0.23020833333333332 0.16666666666666666 0.04010416666666667 0.1398148148148148
2 0.5541666666666667 0.06759259259259259 0.036458333333333336 0.13518518518518519
1 0.23333333333333334 0.06851851851851852 0.353125 0.5388888888888889
7 0.33958333333333335 0.000925925925925926 0.0953125 0.16296296296296298
11 0.3770833333333333 0.13703703703703704 0.025520833333333333 0.08981481481481482
