4 0.11458333333333333 0.8111111111111111 0.13229166666666667 0.08518518518518518
4 0.1109375 0.5277777777777778 0.14427083333333332 0.07592592592592592
4 0.13177083333333334 0.33240740740740743 0.1296875 0.08611111111111111
4 0.13229166666666667 0.06944444444444445 0.1359375 0.06481481481481481
4 0.6713541666666667 0.06574074074074074 0.1390625 0.08055555555555556
4 0.6682291666666667 0.3425925925925926 0.134375 0.07962962962962963
4 0.6682291666666667 0.5277777777777778 0.14270833333333333 0.08796296296296297
4 0.6578125 0.8185185185185185 0.14010416666666667 0.07962962962962963
2 0.4354166666666667 0.6064814814814815 0.049479166666666664 0.24166666666666667
2 0.4239583333333333 0.3768518518518518 0.046875 0.1425925925925926
7 0.39739583333333334 0.000925925925925926 0.1046875 0.1648148148148148
