4 0.178125 0.1259259259259259 0.13125 0.08333333333333333
4 0.16354166666666667 0.4212962962962963 0.13645833333333332 0.08518518518518518
4 0.15260416666666668 0.4740740740740741 0.12604166666666666 0.07777777777777778
4 0.153125 0.8296296296296296 0.13229166666666667 0.09907407407407408
4 0.7161458333333334 0.8333333333333334 0.13177083333333334 0.08333333333333333
4 0.7 0.46574074074074073 0.12708333333333333 0.07222222222222222
4 0.7114583333333333 0.41944444444444445 0.13385416666666666 0.08425925925925926
4 0.7255208333333333 0.11388888888888889 0.12760416666666666 0.10462962962962963
2 0.48333333333333334 0.24166666666666667 0.041666666666666664 0.15925925925925927
2 0.47604166666666664 0.5814814814814815 0.0484375 0.2759259259259259
7 0.44895833333333335 0.000925925925925926 0.096875 0.1037037037037037
