4 0.21770833333333334 0.39351851851851855 0.042708333333333334 0.08703703703703704
4 0.221875 0.06944444444444445 0.0453125 0.08518518518518518
4 0.35520833333333335 0.4222222222222222 0.04895833333333333 0.13425925925925927
4 0.4734375 0.43425925925925923 0.04479166666666667 0.08611111111111111
4 0.35260416666666666 0.7759259259259259 0.04895833333333333 0.14814814814814814
4 0.6119791666666666 0.8 0.049479166666666664 0.1537037037037037
4 0.6770833333333334 0.3472222222222222 0.052083333333333336 0.13703703703703704
2 0.5473958333333333 0.4212962962962963 0.030729166666666665 0.2351851851851852
2 0.28802083333333334 0.5027777777777778 0.03229166666666667 0.1175925925925926
2 0.30104166666666665 0.1 0.035416666666666666 0.13518518518518519
2 0.6177083333333333 0.026851851851851852 0.034375 0.12314814814814815
1 0.2921875 0.01574074074074074 0.3541666666666667 0.5157407407407407
