1 0.27239583333333334 0.04351851851851852 0.35520833333333335 0.4759259259259259
4 0.6666666666666666 0.4074074074074074 0.051041666666666666 0.07314814814814814
4 0.5208333333333334 0.75 0.052083333333333336 0.13425925925925927
4 0.2671875 0.7925925925925926 0.0546875 0.13333333333333333
4 0.18125 0.3611111111111111 0.05572916666666667 0.14444444444444443
4 0.4234375 0.45925925925925926 0.04895833333333333 0.06759259259259259
4 0.4942708333333333 0.42777777777777776 0.053125 0.14351851851851852
4 0.6411458333333333 0.08611111111111111 0.0546875 0.09259259259259259
2 0.26979166666666665 0.03425925925925926 0.034375 0.1425925925925926
2 0.5765625 0.09814814814814815 0.035416666666666666 0.1388888888888889
2 0.35572916666666665 0.4222222222222222 0.03229166666666667 0.2388888888888889
2 0.6 0.5046296296296297 0.034375 0.10925925925925926
7 0.4166666666666667 0.000925925925925926 0.09114583333333333 0.11203703703703703
