4 0.17864583333333334 0.3527777777777778 0.0578125 0.15648148148148147
4 0.26510416666666664 0.8092592592592592 0.065625 0.1398148148148148
4 0.5390625 0.7768518518518519 0.058333333333333334 0.15185185185185185
4 0.7052083333333333 0.4027777777777778 0.05520833333333333 0.07314814814814814
4 0.5083333333333333 0.4462962962962963 0.0578125 0.1574074074074074
4 0.4546875 0.43333333333333335 0.05520833333333333 0.07222222222222222
4 0.6838541666666667 0.075 0.05625 0.10462962962962963
4 0.37083333333333335 0.000925925925925926 0.051041666666666666 0.07222222222222222
1 0.2890625 0.000925925925925926 0.3692708333333333 0.5398148148148149
2 0.6317708333333333 0.5111111111111111 0.035416666666666666 0.1259259259259259
2 0.3692708333333333 0.41203703703703703 0.040625 0.2564814814814815
2 0.6083333333333333 0.08425925925925926 0.040625 0.15555555555555556
2 0.28854166666666664 0.000925925925925926 0.0390625 0.14629629629629629
11 0.4661458333333333 0.07222222222222222 0.0421875 0.075
