1 0.3828125 0.07592592592592592 0.28854166666666664 0.5166666666666667
7 0.46875 0.000925925925925926 0.08802083333333334 0.1814814814814815
4 0.2713541666666667 0.4601851851851852 0.05625 0.0824074074074074
4 0.2838541666666667 0.18333333333333332 0.057291666666666664 0.08055555555555556
4 0.6786458333333333 0.7537037037037037 0.058854166666666666 0.14907407407407408
4 0.4671875 0.7916666666666666 0.06614583333333333 0.1388888888888889
4 0.7229166666666667 0.3638888888888889 0.06510416666666667 0.12222222222222222
4 0.48020833333333335 0.4462962962962963 0.058854166666666666 0.08148148148148149
4 0.4666666666666667 0.4962962962962963 0.06197916666666667 0.12314814814814815
4 0.5296875 0.05740740740740741 0.059375 0.0787037037037037
2 0.58125 0.43148148148148147 0.036458333333333336 0.21851851851851853
2 0.37552083333333336 0.5564814814814815 0.034895833333333334 0.10833333333333334
2 0.38697916666666665 0.20555555555555555 0.0359375 0.1259259259259259
2 0.6411458333333333 0.075 0.035416666666666666 0.1287037037037037
