4 0.7088541666666667 0.3685185185185185 0.058854166666666666 0.13703703703703704
4 0.646875 0.8611111111111112 0.059375 0.1388888888888889
4 0.4713541666666667 0.49907407407407406 0.0515625 0.08611111111111111
4 0.20833333333333334 0.46296296296296297 0.0515625 0.08981481481481482
4 0.21822916666666667 0.12222222222222222 0.0515625 0.08425925925925926
4 0.37395833333333334 0.8361111111111111 0.0578125 0.1527777777777778
4 0.378125 0.4648148148148148 0.058333333333333334 0.14074074074074075
1 0.30104166666666665 0.03796296296296296 0.36770833333333336 0.5472222222222223
2 0.3067708333333333 0.12685185185185185 0.036458333333333336 0.1388888888888889
2 0.5614583333333333 0.462037037037037 0.036458333333333336 0.25092592592592594
2 0.2916666666666667 0.5555555555555556 0.03854166666666667 0.12037037037037036
2 0.6354166666666666 0.03518518518518519 0.033854166666666664 0.14629629629629629
7 0.41770833333333335 0.000925925925925926 0.09479166666666666 0.12407407407407407
