1 0.42604166666666665 0.06851851851851852 0.33229166666666665 0.5148148148148148
7 0.5671875 0.000925925925925926 0.0890625 0.14814814814814814
11 0.5932291666666667 0.13703703703703704 0.034895833333333334 0.0787037037037037
4 0.6182291666666667 0.5027777777777778 0.05677083333333333 0.15092592592592594
4 0.5708333333333333 0.4351851851851852 0.05520833333333333 0.0824074074074074
4 0.31875 0.3824074074074074 0.059375 0.14814814814814814
4 0.38333333333333336 0.8175925925925925 0.06145833333333333 0.13703703703703704
4 0.6260416666666667 0.8268518518518518 0.058854166666666666 0.13425925925925927
4 0.8083333333333333 0.43148148148148147 0.05364583333333333 0.08148148148148149
4 0.7942708333333334 0.11296296296296296 0.05364583333333333 0.1
4 0.5020833333333333 0.025 0.05260416666666667 0.09814814814814815
2 0.42135416666666664 0.06574074074074074 0.0359375 0.1398148148148148
2 0.7203125 0.1685185185185185 0.035416666666666666 0.1287037037037037
2 0.7338541666666667 0.5638888888888889 0.034375 0.11481481481481481
2 0.4921875 0.45740740740740743 0.034895833333333334 0.22962962962962963
