1 0.29583333333333334 0.04722222222222222 0.3375 0.5083333333333333
7 0.4036458333333333 0.000925925925925926 0.090625 0.11851851851851852
4 0.215625 0.4388888888888889 0.04583333333333333 0.08888888888888889
4 0.2234375 0.11574074074074074 0.050520833333333334 0.07962962962962963
4 0.3614583333333333 0.4212962962962963 0.05364583333333333 0.1287037037037037
4 0.45 0.4759259259259259 0.05 0.09259259259259259
4 0.36041666666666666 0.7583333333333333 0.05 0.14629629629629629
4 0.6 0.7972222222222223 0.057291666666666664 0.1398148148148148
4 0.6572916666666667 0.3435185185185185 0.053125 0.1175925925925926
2 0.5994791666666667 0.05462962962962963 0.034375 0.13425925925925927
2 0.3026041666666667 0.125 0.036458333333333336 0.14166666666666666
2 0.2869791666666667 0.5342592592592592 0.0359375 0.11666666666666667
2 0.5286458333333334 0.44814814814814813 0.034375 0.2388888888888889
