4 0.2791666666666667 0.7916666666666666 0.06354166666666666 0.14074074074074075
4 0.2 0.3351851851851852 0.058333333333333334 0.14814814814814814
4 0.4515625 0.45925925925925926 0.05625 0.0824074074074074
4 0.5510416666666667 0.7268518518518519 0.059895833333333336 0.13796296296296295
4 0.7130208333333333 0.4027777777777778 0.050520833333333334 0.08425925925925926
4 0.6885416666666667 0.06574074074074074 0.05416666666666667 0.09814814814814815
4 0.5260416666666666 0.39537037037037037 0.06145833333333333 0.15092592592592594
1 0.3026041666666667 0.011111111111111112 0.36614583333333334 0.5083333333333333
2 0.38333333333333336 0.4212962962962963 0.0359375 0.24722222222222223
2 0.6395833333333333 0.49074074074074076 0.0375 0.12129629629629629
2 0.6203125 0.07222222222222222 0.0359375 0.1527777777777778
2 0.2984375 0.010185185185185186 0.03697916666666667 0.1398148148148148
