4 0.16770833333333332 0.875 0.14270833333333333 0.0824074074074074
4 0.1765625 0.5194444444444445 0.1515625 0.07592592592592592
4 0.17239583333333333 0.412962962962963 0.13385416666666666 0.0824074074074074
4 0.15989583333333332 0.09814814814814815 0.14427083333333332 0.07592592592592592
4 0.7427083333333333 0.05740740740740741 0.14114583333333333 0.08425925925925926
4 0.74375 0.39166666666666666 0.1359375 0.058333333333333334
4 0.7744791666666667 0.47129629629629627 0.15104166666666666 0.09074074074074075
4 0.7604166666666666 0.8407407407407408 0.14479166666666668 0.07314814814814814
2 0.5197916666666667 0.6342592592592593 0.059375 0.26666666666666666
2 0.521875 0.32037037037037036 0.05364583333333333 0.15833333333333333
