1 0.3328125 0.14722222222222223 0.36302083333333335 0.5342592592592592
7 0.48020833333333335 0.000925925925925926 0.09375 0.2064814814814815
4 0.2203125 0.4564814814814815 0.065625 0.1398148148148148
4 0.7458333333333333 0.6083333333333333 0.058854166666666666 0.06111111111111111
4 0.5734375 0.8833333333333333 0.059375 0.11666666666666667
4 0.5416666666666666 0.5342592592592592 0.0609375 0.13703703703703704
4 0.7192708333333333 0.2490740740740741 0.058333333333333334 0.09166666666666666
4 0.49166666666666664 0.6685185185185185 0.06041666666666667 0.06666666666666667
2 0.3302083333333333 0.1425925925925926 0.04114583333333333 0.14444444444444443
2 0.64375 0.2111111111111111 0.04010416666666667 0.1425925925925926
2 0.41354166666666664 0.562037037037037 0.036458333333333336 0.2722222222222222
2 0.6671875 0.6509259259259259 0.03697916666666667 0.13796296296296295
