1 0.40520833333333334 0.12314814814814815 0.3098958333333333 0.47685185185185186
2 0.3963541666666667 0.12129629629629629 0.03229166666666667 0.13518518518518519
2 0.6776041666666667 0.2074074074074074 0.03177083333333333 0.13148148148148148
2 0.6932291666666667 0.575 0.030729166666666665 0.1175925925925926
2 0.46510416666666665 0.48703703703703705 0.034375 0.22592592592592592
4 0.371875 0.8305555555555556 0.058854166666666666 0.13333333333333333
4 0.6109375 0.8064814814814815 0.0484375 0.1425925925925926
4 0.7619791666666667 0.46111111111111114 0.04583333333333333 0.08148148148148149
4 0.7385416666666667 0.1787037037037037 0.051041666666666666 0.0962962962962963
4 0.4708333333333333 0.08333333333333333 0.049479166666666664 0.10185185185185185
4 0.303125 0.4222222222222222 0.05364583333333333 0.14722222222222223
4 0.5927083333333333 0.525 0.04895833333333333 0.1398148148148148
4 0.5369791666666667 0.4898148148148148 0.0515625 0.0787037037037037
11 0.5619791666666667 0.18703703703703703 0.021875 0.0712962962962963
7 0.5296875 0.000925925925925926 0.08385416666666666 0.19074074074074074
