4 0.2625 0.6351851851851852 0.09427083333333333 0.05925925925925926
4 0.2911458333333333 0.3962962962962963 0.08645833333333333 0.053703703703703705
4 0.26875 0.30833333333333335 0.09947916666666666 0.06388888888888888
4 0.3067708333333333 0.125 0.08958333333333333 0.062037037037037036
4 0.6640625 0.6592592592592592 0.0953125 0.05648148148148148
4 0.6677083333333333 0.4083333333333333 0.09166666666666666 0.062037037037037036
4 0.6677083333333333 0.3314814814814815 0.09635416666666667 0.07685185185185185
4 0.684375 0.14814814814814814 0.09270833333333334 0.06666666666666667
2 0.5015625 0.4583333333333333 0.028125 0.2037037037037037
2 0.49947916666666664 0.19166666666666668 0.028125 0.11296296296296296
7 0.49322916666666666 0.000925925925925926 0.06979166666666667 0.09722222222222222
