4 0.7239583333333334 0.8064814814814815 0.140625 0.09166666666666666
4 0.7447916666666666 0.5009259259259259 0.15052083333333333 0.10277777777777777
4 0.7145833333333333 0.35 0.1375 0.07777777777777778
4 0.7354166666666667 0.03981481481481482 0.1421875 0.1037037037037037
4 0.18645833333333334 0.05185185185185185 0.14270833333333333 0.0787037037037037
4 0.16927083333333334 0.3638888888888889 0.13385416666666666 0.08333333333333333
4 0.1609375 0.5064814814814815 0.15208333333333332 0.07222222222222222
4 0.15052083333333333 0.8425925925925926 0.14166666666666666 0.08703703703703704
2 0.48072916666666665 0.6129629629629629 0.075 0.2564814814814815
2 0.4786458333333333 0.33055555555555555 0.0703125 0.1527777777777778
7 0.4588541666666667 0.000925925925925926 0.1125 0.12407407407407407
