4 0.7177083333333333 0.27870370370370373 0.058333333333333334 0.13333333333333333
4 0.6552083333333333 0.8166666666666667 0.057291666666666664 0.15925925925925927
4 0.5067708333333333 0.47129629629629627 0.04895833333333333 0.09166666666666666
4 0.35104166666666664 0.7583333333333333 0.050520833333333334 0.15092592592592594
4 0.21822916666666667 0.4111111111111111 0.04791666666666667 0.09074074074074075
4 0.3567708333333333 0.3472222222222222 0.05416666666666667 0.1398148148148148
4 0.228125 0.02962962962962963 0.04635416666666667 0.08148148148148149
1 0.2947916666666667 0.000925925925925926 0.35833333333333334 0.5074074074074074
2 0.2989583333333333 0.000925925925925926 0.043229166666666666 0.17037037037037037
2 0.2864583333333333 0.4777777777777778 0.041666666666666664 0.14722222222222223
2 0.5755208333333334 0.38796296296296295 0.04479166666666667 0.29259259259259257
