4 0.18489583333333334 0.7324074074074074 0.10885416666666667 0.06759259259259259
4 0.19947916666666668 0.524074074074074 0.11666666666666667 0.062037037037037036
4 0.18333333333333332 0.33240740740740743 0.10677083333333333 0.07037037037037037
4 0.20625 0.12962962962962962 0.10989583333333333 0.06388888888888888
4 0.6364583333333333 0.712037037037037 0.11145833333333334 0.05925925925925926
4 0.6651041666666667 0.5074074074074074 0.11614583333333334 0.06574074074074074
4 0.6291666666666667 0.325 0.10677083333333333 0.06111111111111111
4 0.6385416666666667 0.11666666666666667 0.109375 0.06296296296296296
2 0.45677083333333335 0.5444444444444444 0.046875 0.2037037037037037
2 0.45729166666666665 0.39444444444444443 0.05520833333333333 0.11296296296296296
7 0.4348958333333333 0.000925925925925926 0.08385416666666666 0.22314814814814815
