1 0.42604166666666665 0.10277777777777777 0.28854166666666664 0.4787037037037037
4 0.275 0.3333333333333333 0.07916666666666666 0.0824074074074074
4 0.24895833333333334 0.6842592592592592 0.07552083333333333 0.09537037037037037
4 0.4546875 0.8527777777777777 0.075 0.11203703703703703
4 0.7223958333333333 0.7287037037037037 0.071875 0.06111111111111111
4 0.7901041666666667 0.27870370370370373 0.06979166666666667 0.07685185185185185
4 0.5177083333333333 0.5555555555555556 0.0734375 0.062037037037037036
4 0.528125 0.4185185185185185 0.07916666666666666 0.0824074074074074
2 0.6817708333333333 0.17407407407407408 0.034375 0.13333333333333333
2 0.4322916666666667 0.1037037037037037 0.0328125 0.13240740740740742
2 0.41458333333333336 0.5046296296296297 0.0328125 0.13055555555555556
2 0.6161458333333333 0.55 0.034375 0.25833333333333336
11 0.5317708333333333 0.13518518518518519 0.04479166666666667 0.08518518518518518
7 0.5098958333333333 0.000925925925925926 0.08802083333333334 0.1361111111111111
