1 0.46145833333333336 0.10925925925925926 0.13072916666666667 0.6351851851851852
4 0.7213541666666666 0.44351851851851853 0.1765625 0.12222222222222222
4 0.8453125 0.3814814814814815 0.1546875 0.1398148148148148
4 0.8151041666666666 0.8527777777777777 0.178125 0.12222222222222222
4 0.1171875 0.8157407407407408 0.16666666666666666 0.10092592592592593
2 0.45260416666666664 0.7101851851851851 0.05572916666666667 0.20462962962962963
2 0.5453125 0.6527777777777778 0.05572916666666667 0.19722222222222222
2 0.4473958333333333 0.16018518518518518 0.057291666666666664 0.20462962962962963
7 0.4583333333333333 0.000925925925925926 0.13802083333333334 0.11388888888888889
11 0.5083333333333333 0.10648148148148148 0.03802083333333333 0.14351851851851852
