1 0.44895833333333335 0.16944444444444445 0.16458333333333333 0.46944444444444444
2 0.5786458333333333 0.2601851851851852 0.0359375 0.13425925925925927
2 0.5442708333333334 0.6268518518518519 0.035416666666666666 0.2657407407407407
2 0.4401041666666667 0.5722222222222222 0.03333333333333333 0.12129629629629629
4 0.2140625 0.36203703703703705 0.10729166666666666 0.07314814814814814
4 0.3375 0.45740740740740743 0.1078125 0.08333333333333333
4 0.18802083333333333 0.7074074074074074 0.10416666666666667 0.08796296296296297
4 0.28489583333333335 0.9083333333333333 0.1078125 0.08518518518518518
4 0.7125 0.8527777777777777 0.10260416666666666 0.06111111111111111
4 0.6015625 0.6574074074074074 0.10052083333333334 0.062037037037037036
4 0.75 0.3972222222222222 0.10260416666666666 0.07962962962962963
4 0.6192708333333333 0.3037037037037037 0.10052083333333334 0.07685185185185185
7 0.47239583333333335 0.000925925925925926 0.090625 0.2074074074074074
11 0.5057291666666667 0.20277777777777778 0.028125 0.09166666666666666
