1 0.41822916666666665 0.11296296296296296 0.30052083333333335 0.4888888888888889
4 0.278125 0.3398148148148148 0.0796875 0.08796296296296297
4 0.2526041666666667 0.6935185185185185 0.0765625 0.09907407407407408
4 0.45729166666666665 0.8657407407407407 0.0796875 0.10925925925925926
4 0.7270833333333333 0.7314814814814815 0.071875 0.06481481481481481
4 0.790625 0.2916666666666667 0.071875 0.07037037037037037
4 0.5302083333333333 0.4222222222222222 0.08020833333333334 0.08333333333333333
4 0.5223958333333333 0.5601851851851852 0.0734375 0.06574074074074074
2 0.43125 0.11574074074074074 0.0390625 0.13333333333333333
2 0.684375 0.18611111111111112 0.03697916666666667 0.1361111111111111
2 0.41822916666666665 0.5148148148148148 0.034375 0.13055555555555556
2 0.6182291666666667 0.5601851851851852 0.03854166666666667 0.2574074074074074
7 0.5078125 0.000925925925925926 0.09166666666666666 0.14722222222222223
11 0.5348958333333333 0.1388888888888889 0.04375 0.08888888888888889
