1 0.3614583333333333 0.05462962962962963 0.32864583333333336 0.4675925925925926
4 0.7322916666666667 0.39444444444444443 0.043229166666666666 0.07222222222222222
4 0.7078125 0.09444444444444444 0.046875 0.09814814814814815
4 0.6015625 0.7453703703703703 0.04479166666666667 0.13055555555555556
4 0.35572916666666665 0.7787037037037037 0.0515625 0.13425925925925927
4 0.2796875 0.3685185185185185 0.04895833333333333 0.15
4 0.49375 0.4222222222222222 0.04895833333333333 0.07592592592592592
4 0.575 0.4444444444444444 0.050520833333333334 0.14722222222222223
4 0.4203125 0.020370370370370372 0.046875 0.08981481481481482
2 0.4348958333333333 0.41574074074074074 0.03177083333333333 0.22407407407407406
2 0.671875 0.49907407407407406 0.030729166666666665 0.1175925925925926
2 0.6515625 0.11944444444444445 0.029166666666666667 0.14074074074074075
2 0.35572916666666665 0.05462962962962963 0.03333333333333333 0.13240740740740742
11 0.5265625 0.11666666666666667 0.028645833333333332 0.0712962962962963
7 0.49895833333333334 0.000925925925925926 0.08541666666666667 0.12685185185185185
