1 0.2734375 0.13240740740740742 0.31145833333333334 0.462037037037037
4 0.19739583333333333 0.19814814814814816 0.04375 0.075
4 0.19166666666666668 0.5018518518518519 0.0421875 0.07314814814814814
4 0.3390625 0.7925925925925926 0.04479166666666667 0.12685185185185185
4 0.5651041666666666 0.8240740740740741 0.050520833333333334 0.12222222222222222
4 0.6197916666666666 0.4 0.053125 0.10925925925925926
4 0.41458333333333336 0.5398148148148149 0.03958333333333333 0.07777777777777778
4 0.3380208333333333 0.47314814814814815 0.04479166666666667 0.10277777777777777
2 0.4942708333333333 0.4898148148148148 0.030208333333333334 0.22962962962962963
2 0.2671875 0.5648148148148148 0.028645833333333332 0.11666666666666667
2 0.2765625 0.19537037037037036 0.034375 0.12407407407407407
2 0.5536458333333333 0.12314814814814815 0.03229166666666667 0.12685185185185185
7 0.37135416666666665 0.000925925925925926 0.07916666666666666 0.18333333333333332
11 0.39739583333333334 0.17777777777777778 0.028125 0.07592592592592592
