4 0.22395833333333334 0.39351851851851855 0.09427083333333333 0.0712962962962963
4 0.2875 0.6166666666666667 0.09114583333333333 0.06388888888888888
4 0.2296875 0.6620370370370371 0.09375 0.06111111111111111
4 0.6161458333333333 0.687037037037037 0.09375 0.07777777777777778
4 0.6661458333333333 0.6481481481481481 0.09583333333333334 0.0712962962962963
4 0.6010416666666667 0.43148148148148147 0.096875 0.07592592592592592
4 0.6807291666666667 0.38796296296296295 0.09739583333333333 0.08611111111111111
2 0.45260416666666664 0.5685185185185185 0.03229166666666667 0.11944444444444445
2 0.515625 0.5296296296296297 0.0328125 0.11296296296296296
2 0.4505208333333333 0.2601851851851852 0.034895833333333334 0.12129629629629629
2 0.5208333333333334 0.22407407407407406 0.030208333333333334 0.11944444444444445
1 0.45364583333333336 0.22962962962962963 0.09375 0.3685185185185185
7 0.4630208333333333 0.000925925925925926 0.078125 0.23981481481481481
11 0.4901041666666667 0.23981481481481481 0.023958333333333335 0.07685185185185185
