4 0.21510416666666668 0.39351851851851855 0.109375 0.07685185185185185
4 0.3359375 0.4898148148148148 0.1109375 0.07962962962962963
1 0.4505208333333333 0.2111111111111111 0.16041666666666668 0.4537037037037037
4 0.19010416666666666 0.7453703703703703 0.10208333333333333 0.0787037037037037
4 0.603125 0.6925925925925925 0.09895833333333333 0.05740740740740741
4 0.7140625 0.887962962962963 0.09947916666666666 0.05740740740740741
4 0.75 0.43148148148148147 0.10416666666666667 0.08055555555555556
4 0.6182291666666667 0.3398148148148148 0.1015625 0.07314814814814814
2 0.44114583333333335 0.6111111111111112 0.034895833333333334 0.11666666666666667
2 0.5458333333333333 0.6638888888888889 0.035416666666666666 0.26296296296296295
2 0.578125 0.29074074074074074 0.036458333333333336 0.14444444444444443
7 0.47708333333333336 0.000925925925925926 0.08854166666666667 0.2361111111111111
11 0.50625 0.23333333333333334 0.028645833333333332 0.10185185185185185
