4 0.3380208333333333 0.08981481481481482 0.06614583333333333 0.040740740740740744
4 0.340625 0.11666666666666667 0.06354166666666666 0.05092592592592592
4 0.2609375 0.3712962962962963 0.09791666666666667 0.07314814814814814
4 0.2390625 0.47685185185185186 0.1 0.06759259259259259
4 0.2453125 0.6722222222222223 0.09375 0.06296296296296296
4 0.225 0.8555555555555555 0.09635416666666667 0.06111111111111111
4 0.6213541666666667 0.8666666666666667 0.10364583333333334 0.06111111111111111
4 0.6302083333333334 0.6814814814814815 0.09479166666666666 0.06018518518518518
4 0.6255208333333333 0.4861111111111111 0.09791666666666667 0.07685185185185185
4 0.6390625 0.38796296296296295 0.09375 0.07222222222222222
4 0.6567708333333333 0.11944444444444445 0.07552083333333333 0.05277777777777778
4 0.6520833333333333 0.08055555555555556 0.07708333333333334 0.05
2 0.4630208333333333 0.6574074074074074 0.03125 0.21481481481481482
2 0.4609375 0.3333333333333333 0.03229166666666667 0.12314814814814815
7 0.4505208333333333 0.000925925925925926 0.07135416666666666 0.28055555555555556
