1 0.42916666666666664 0.11296296296296296 0.2125 0.5231481481481481
4 0.19010416666666666 0.35833333333333334 0.1109375 0.07777777777777778
4 0.35885416666666664 0.6425925925925926 0.103125 0.0712962962962963
4 0.21354166666666666 0.8490740740740741 0.10416666666666667 0.07777777777777778
4 0.6557291666666667 0.9268518518518518 0.1125 0.07314814814814814
4 0.7916666666666666 0.712037037037037 0.11145833333333334 0.07962962962962963
4 0.6145833333333334 0.4212962962962963 0.1140625 0.11574074074074074
4 0.7869791666666667 0.32314814814814813 0.11145833333333334 0.10555555555555556
2 0.4270833333333333 0.21388888888888888 0.046875 0.14722222222222223
2 0.4708333333333333 0.6175925925925926 0.04479166666666667 0.2861111111111111
2 0.6109375 0.5509259259259259 0.040625 0.14166666666666666
11 0.5354166666666667 0.15092592592592594 0.0296875 0.1
7 0.5057291666666667 0.000925925925925926 0.08958333333333333 0.1537037037037037
