1 0.4401041666666667 0.17037037037037037 0.2947916666666667 0.46574074074074073
2 0.4473958333333333 0.1675925925925926 0.035416666666666666 0.13240740740740742
2 0.7 0.23796296296296296 0.0359375 0.13055555555555556
2 0.43072916666666666 0.5685185185185185 0.034375 0.13148148148148148
2 0.6338541666666667 0.6148148148148148 0.035416666666666666 0.26481481481481484
4 0.265625 0.7407407407407407 0.07552083333333333 0.10277777777777777
4 0.2921875 0.39351851851851855 0.0796875 0.0824074074074074
4 0.5354166666666667 0.6287037037037037 0.071875 0.058333333333333334
4 0.47708333333333336 0.9194444444444444 0.07291666666666667 0.08055555555555556
4 0.7401041666666667 0.8 0.0734375 0.06018518518518518
4 0.8098958333333334 0.34814814814814815 0.06822916666666666 0.06666666666666667
4 0.5473958333333333 0.4648148148148148 0.07708333333333334 0.09166666666666666
7 0.5291666666666667 0.000925925925925926 0.0859375 0.19814814814814816
11 0.5515625 0.19907407407407407 0.040625 0.0824074074074074
