4 0.23854166666666668 0.7712962962962963 0.10104166666666667 0.05925925925925926
4 0.6630208333333333 0.8083333333333333 0.1015625 0.0712962962962963
4 0.6791666666666667 0.5268518518518519 0.09635416666666667 0.0712962962962963
4 0.6755208333333333 0.47685185185185186 0.10208333333333333 0.08796296296296297
4 0.6921875 0.2564814814814815 0.096875 0.08055555555555556
4 0.2942708333333333 0.21851851851851853 0.10052083333333334 0.05462962962962963
4 0.2598958333333333 0.43796296296296294 0.10416666666666667 0.06388888888888888
4 0.2625 0.4981481481481482 0.096875 0.05277777777777778
2 0.49322916666666666 0.5796296296296296 0.030729166666666665 0.22962962962962963
2 0.49895833333333334 0.32685185185185184 0.030729166666666665 0.11481481481481481
7 0.49114583333333334 0.000925925925925926 0.07864583333333333 0.21296296296296297
11 0.5140625 0.21481481481481482 0.023958333333333335 0.05740740740740741
