1 0.3765625 0.025 0.20625 0.5462962962962963
4 0.12916666666666668 0.2712962962962963 0.11354166666666667 0.08055555555555556
4 0.2994791666666667 0.5555555555555556 0.103125 0.07037037037037037
4 0.15416666666666667 0.7694444444444445 0.10989583333333333 0.07777777777777778
4 0.5994791666666667 0.8407407407407408 0.11875 0.08333333333333333
4 0.7375 0.6212962962962963 0.115625 0.08148148148148149
4 0.5598958333333334 0.3425925925925926 0.11770833333333333 0.11203703703703703
4 0.7338541666666667 0.23055555555555557 0.11145833333333334 0.10555555555555556
2 0.4166666666666667 0.5287037037037037 0.041666666666666664 0.2953703703703704
2 0.5567708333333333 0.4722222222222222 0.0390625 0.13148148148148148
2 0.371875 0.12314814814814815 0.044270833333333336 0.1527777777777778
11 0.478125 0.062037037037037036 0.027604166666666666 0.10092592592592593
