1 0.39479166666666665 0.02962962962962963 0.20885416666666667 0.5324074074074074
4 0.14375 0.2814814814814815 0.11302083333333333 0.07407407407407407
4 0.3125 0.562962962962963 0.10625 0.06666666666666667
4 0.16875 0.7731481481481481 0.10989583333333333 0.07962962962962963
4 0.6171875 0.850925925925926 0.11510416666666666 0.07962962962962963
4 0.7510416666666667 0.6268518518518519 0.11458333333333333 0.08333333333333333
4 0.5760416666666667 0.34814814814814815 0.1140625 0.10925925925925926
4 0.7473958333333334 0.23703703703703705 0.11145833333333334 0.10277777777777777
2 0.3859375 0.13148148148148148 0.042708333333333334 0.14629629629629629
2 0.43125 0.537962962962963 0.0421875 0.28425925925925927
2 0.5713541666666667 0.47314814814814815 0.0390625 0.13425925925925927
11 0.490625 0.06759259259259259 0.03177083333333333 0.10185185185185185
