1 0.43333333333333335 0.07037037037037037 0.20833333333333334 0.5361111111111111
2 0.46875 0.5694444444444444 0.041666666666666664 0.29444444444444445
2 0.6098958333333333 0.5120370370370371 0.034895833333333334 0.1361111111111111
2 0.4239583333333333 0.17222222222222222 0.05 0.15
2 0.603125 0.07407407407407407 0.034375 0.14351851851851852
4 0.6109375 0.38333333333333336 0.11614583333333334 0.11296296296296296
4 0.7864583333333334 0.2851851851851852 0.109375 0.10185185185185185
4 0.7885416666666667 0.6648148148148149 0.11354166666666667 0.08888888888888889
4 0.6520833333333333 0.8861111111111111 0.11510416666666666 0.08518518518518518
4 0.21041666666666667 0.8111111111111111 0.1078125 0.07407407407407407
4 0.3572916666666667 0.600925925925926 0.10416666666666667 0.07407407407407407
4 0.18697916666666667 0.31666666666666665 0.11458333333333333 0.07407407407407407
11 0.5317708333333333 0.11018518518518519 0.027083333333333334 0.09722222222222222
7 0.49947916666666664 0.000925925925925926 0.09375 0.11851851851851852
