4 0.6375 0.47314814814814815 0.13645833333333332 0.10833333333333334
4 0.7526041666666666 0.4212962962962963 0.1328125 0.11481481481481481
4 0.7328125 0.7787037037037037 0.13229166666666667 0.0962962962962963
4 0.6630208333333333 0.8287037037037037 0.12864583333333332 0.11018518518518519
4 0.2046875 0.7379629629629629 0.12760416666666666 0.07592592592592592
4 0.12552083333333333 0.7935185185185185 0.13072916666666667 0.07962962962962963
4 0.11822916666666666 0.41944444444444445 0.1328125 0.10462962962962963
2 0.4348958333333333 0.2462962962962963 0.042708333333333334 0.16296296296296298
2 0.5333333333333333 0.1925925925925926 0.03802083333333333 0.15555555555555556
2 0.43645833333333334 0.6777777777777778 0.046875 0.15648148148148147
2 0.5239583333333333 0.6138888888888889 0.046875 0.16666666666666666
1 0.44375 0.1962962962962963 0.11979166666666667 0.49444444444444446
7 0.44895833333333335 0.000925925925925926 0.11197916666666667 0.2111111111111111
11 0.4864583333333333 0.20555555555555555 0.034375 0.11388888888888889
