4 0.7364583333333333 0.23148148148148148 0.1375 0.08888888888888889
4 0.6322916666666667 0.562962962962963 0.13802083333333334 0.08888888888888889
4 0.7484375 0.6212962962962963 0.13697916666666668 0.09814814814814815
4 0.16875 0.7037037037037037 0.14739583333333334 0.09907407407407408
4 0.0609375 0.6333333333333333 0.1421875 0.10925925925925926
4 0.17447916666666666 0.30185185185185187 0.14322916666666666 0.12314814814814815
4 0.09270833333333334 0.22777777777777777 0.14635416666666667 0.10740740740740741
2 0.5130208333333334 0.5083333333333333 0.0484375 0.16574074074074074
2 0.41510416666666666 0.4546296296296296 0.0484375 0.15648148148148147
2 0.5171875 0.04259259259259259 0.0515625 0.18055555555555555
2 0.41822916666666665 0.000925925925925926 0.04479166666666667 0.1537037037037037
