4 0.6270833333333333 0.5009259259259259 0.14166666666666666 0.08796296296296297
4 0.7447916666666666 0.5564814814814815 0.1390625 0.10185185185185185
4 0.7322916666666667 0.16574074074074074 0.14010416666666667 0.08981481481481482
4 0.165625 0.6361111111111111 0.14895833333333333 0.09907407407407408
4 0.05416666666666667 0.5685185185185185 0.14739583333333334 0.10925925925925926
4 0.16927083333333334 0.23703703703703705 0.14270833333333333 0.12037037037037036
4 0.09114583333333333 0.16111111111111112 0.14375 0.11018518518518519
2 0.5078125 0.4444444444444444 0.05260416666666667 0.16574074074074074
2 0.41354166666666664 0.38796296296296295 0.0484375 0.16296296296296298
2 0.515625 0.000925925925925926 0.05 0.1537037037037037
