4 0.23020833333333332 0.6648148148148149 0.09479166666666666 0.05740740740740741
4 0.20989583333333334 0.8435185185185186 0.10208333333333333 0.062037037037037036
4 0.22395833333333334 0.4675925925925926 0.09895833333333333 0.06296296296296296
4 0.24895833333333334 0.3648148148148148 0.09375 0.06481481481481481
4 0.32916666666666666 0.11481481481481481 0.0609375 0.041666666666666664
4 0.32864583333333336 0.07407407407407407 0.0625 0.049074074074074076
4 0.6395833333333333 0.07685185185185185 0.078125 0.04537037037037037
4 0.6416666666666667 0.10648148148148148 0.07864583333333333 0.05925925925925926
4 0.6244791666666667 0.375 0.09427083333333333 0.07314814814814814
4 0.6135416666666667 0.4703703703703704 0.0953125 0.0787037037037037
4 0.6135416666666667 0.674074074074074 0.09739583333333333 0.06018518518518518
4 0.6098958333333333 0.8555555555555555 0.0953125 0.06111111111111111
2 0.4505208333333333 0.6296296296296297 0.027604166666666666 0.22685185185185186
2 0.44895833333333335 0.32222222222222224 0.028645833333333332 0.12314814814814815
7 0.4359375 0.000925925925925926 0.0703125 0.2740740740740741
