1 0.4359375 0.18888888888888888 0.121875 0.4981481481481482
4 0.10989583333333333 0.4185185185185185 0.13385416666666666 0.09351851851851851
4 0.19895833333333332 0.7296296296296296 0.12447916666666667 0.07685185185185185
4 0.1203125 0.7925925925925926 0.12916666666666668 0.0787037037037037
4 0.6541666666666667 0.8268518518518518 0.12760416666666666 0.11666666666666667
4 0.7239583333333334 0.7703703703703704 0.13229166666666667 0.09537037037037037
4 0.6322916666666667 0.4675925925925926 0.13229166666666667 0.11481481481481481
4 0.7416666666666667 0.41203703703703703 0.134375 0.11666666666666667
2 0.42552083333333335 0.6712962962962963 0.046875 0.15648148148148147
2 0.515625 0.6148148148148148 0.04791666666666667 0.14814814814814814
2 0.425 0.2361111111111111 0.044270833333333336 0.1648148148148148
2 0.5229166666666667 0.18703703703703703 0.040625 0.15185185185185185
11 0.4796875 0.20185185185185187 0.030729166666666665 0.11388888888888889
7 0.4421875 0.000925925925925926 0.10729166666666666 0.2074074074074074
