4 0.3453125 0.262037037037037 0.09635416666666667 0.06018518518518518
4 0.7421875 0.2657407407407407 0.09635416666666667 0.07314814814814814
4 0.7322916666666667 0.4666666666666667 0.10416666666666667 0.06481481481481481
4 0.725 0.5333333333333333 0.096875 0.06018518518518518
4 0.7213541666666666 0.7925925925925926 0.09791666666666667 0.06111111111111111
4 0.3171875 0.799074074074074 0.09791666666666667 0.06296296296296296
4 0.3302083333333333 0.5305555555555556 0.09479166666666666 0.06666666666666667
4 0.3302083333333333 0.4638888888888889 0.10104166666666667 0.06296296296296296
2 0.5640625 0.6 0.030208333333333334 0.21388888888888888
2 0.565625 0.33055555555555555 0.028125 0.11388888888888889
7 0.5421875 0.000925925925925926 0.07447916666666667 0.23796296296296296
11 0.5697916666666667 0.22592592592592592 0.020833333333333332 0.06111111111111111
