4 0.06822916666666666 0.4101851851851852 0.15104166666666666 0.10833333333333334
4 0.28020833333333334 0.36203703703703705 0.15052083333333333 0.11203703703703703
1 0.41510416666666666 0.13148148148148148 0.25833333333333336 0.6638888888888889
4 0.6765625 0.4009259259259259 0.15885416666666666 0.14537037037037037
4 0.27239583333333334 0.9046296296296297 0.14583333333333334 0.09537037037037037
4 0.8760416666666667 0.3648148148148148 0.12395833333333334 0.11388888888888889
2 0.48333333333333334 0.7453703703703703 0.035416666666666666 0.25462962962962965
2 0.6322916666666667 0.7425925925925926 0.05520833333333333 0.18981481481481483
2 0.40677083333333336 0.16296296296296298 0.052083333333333336 0.19907407407407407
11 0.5395833333333333 0.12314814814814815 0.025520833333333333 0.13333333333333333
7 0.4895833333333333 0.000925925925925926 0.1265625 0.12685185185185185
