1 0.26614583333333336 0.09722222222222222 0.34375 0.48703703703703705
4 0.18802083333333333 0.40555555555555556 0.049479166666666664 0.13518518518518519
4 0.2625 0.8444444444444444 0.04583333333333333 0.12314814814814815
4 0.5151041666666667 0.7916666666666666 0.04635416666666667 0.11851851851851852
4 0.6375 0.4861111111111111 0.04114583333333333 0.07407407407407407
4 0.6192708333333333 0.1537037037037037 0.04479166666666667 0.09537037037037037
4 0.49375 0.4675925925925926 0.04791666666666667 0.13703703703703704
4 0.3953125 0.5398148148148149 0.04114583333333333 0.07962962962962963
2 0.5822916666666667 0.5574074074074075 0.03333333333333333 0.11388888888888889
2 0.3338541666666667 0.48703703703703705 0.036458333333333336 0.24537037037037038
2 0.25833333333333336 0.1 0.03802083333333333 0.13333333333333333
2 0.5640625 0.15648148148148147 0.034375 0.14166666666666666
7 0.40989583333333335 0.000925925925925926 0.084375 0.16111111111111112
11 0.43645833333333334 0.1537037037037037 0.025520833333333333 0.06851851851851852
