4 0.3140625 0.7648148148148148 0.04010416666666667 0.1111111111111111
4 0.540625 0.7101851851851851 0.044270833333333336 0.11388888888888889
4 0.6536458333333334 0.44166666666666665 0.0375 0.07407407407407407
4 0.6359375 0.14351851851851852 0.04114583333333333 0.07962962962962963
4 0.24375 0.3638888888888889 0.04479166666666667 0.12777777777777777
4 0.43125 0.49537037037037035 0.0390625 0.06759259259259259
4 0.5208333333333334 0.4212962962962963 0.04635416666666667 0.125
2 0.3109375 0.09259259259259259 0.03333333333333333 0.12129629629629629
2 0.5848958333333333 0.1388888888888889 0.030729166666666665 0.13055555555555556
2 0.6015625 0.5074074074074074 0.03177083333333333 0.11666666666666667
2 0.37916666666666665 0.4388888888888889 0.0296875 0.23333333333333334
1 0.3145833333333333 0.09351851851851851 0.31354166666666666 0.44351851851851853
7 0.4421875 0.000925925925925926 0.08072916666666667 0.1425925925925926
11 0.46979166666666666 0.1398148148148148 0.024479166666666666 0.06018518518518518
