1 0.421875 0.1925925925925926 0.19947916666666668 0.5018518518518519
2 0.41822916666666665 0.22314814814814815 0.03958333333333333 0.1648148148148148
2 0.4671875 0.6722222222222223 0.043229166666666666 0.3148148148148148
2 0.5895833333333333 0.6685185185185185 0.04114583333333333 0.14907407407407408
4 0.15208333333333332 0.4148148148148148 0.12083333333333333 0.08703703703703704
4 0.3145833333333333 0.3814814814814815 0.11822916666666666 0.0824074074074074
4 0.6208333333333333 0.40925925925925927 0.12604166666666666 0.11203703703703703
4 0.78125 0.3768518518518518 0.1203125 0.1
4 0.3140625 0.7935185185185185 0.10989583333333333 0.0824074074074074
4 0.7833333333333333 0.7981481481481482 0.12552083333333333 0.08611111111111111
7 0.48020833333333335 0.000925925925925926 0.09791666666666667 0.2064814814814815
11 0.5098958333333333 0.1962962962962963 0.0359375 0.10462962962962963
