4 0.23541666666666666 0.32037037037037036 0.12395833333333334 0.08055555555555556
4 0.2526041666666667 0.2074074074074074 0.12083333333333333 0.07777777777777778
4 0.24010416666666667 0.5814814814814815 0.1140625 0.08888888888888889
4 0.23020833333333332 0.8092592592592592 0.11822916666666666 0.08333333333333333
4 0.7348958333333333 0.8046296296296296 0.121875 0.07962962962962963
4 0.7234375 0.575 0.12239583333333333 0.07407407407407407
4 0.7307291666666667 0.3074074074074074 0.12708333333333333 0.10740740740740741
4 0.7307291666666667 0.19814814814814816 0.11927083333333334 0.09259259259259259
2 0.5333333333333333 0.5222222222222223 0.0375 0.30277777777777776
2 0.5229166666666667 0.13425925925925927 0.0375 0.15833333333333333
7 0.49583333333333335 0.000925925925925926 0.0875 0.07592592592592592
