1 0.38958333333333334 0.017592592592592594 0.20989583333333334 0.537962962962963
4 0.10208333333333333 0.25555555555555554 0.12760416666666666 0.08055555555555556
4 0.2765625 0.22777777777777777 0.1234375 0.0787037037037037
4 0.2713541666666667 0.6546296296296297 0.1234375 0.09074074074074075
4 0.13854166666666667 0.8314814814814815 0.1203125 0.08888888888888889
4 0.65 0.8379629629629629 0.13072916666666667 0.08981481481481482
4 0.7671875 0.6611111111111111 0.13489583333333333 0.08981481481481482
4 0.6015625 0.23148148148148148 0.1328125 0.12407407407407407
4 0.7635416666666667 0.21203703703703702 0.13072916666666667 0.10462962962962963
2 0.38125 0.03981481481481482 0.0484375 0.16944444444444445
2 0.4348958333333333 0.524074074074074 0.04791666666666667 0.32314814814814813
2 0.5651041666666666 0.5268518518518519 0.0421875 0.15092592592592594
11 0.4864583333333333 0.013888888888888888 0.028645833333333332 0.11481481481481481
