1 0.2838541666666667 0.15648148148148147 0.34427083333333336 0.4898148148148148
4 0.20052083333333334 0.45740740740740743 0.052083333333333336 0.1398148148148148
4 0.28020833333333334 0.9037037037037037 0.0484375 0.0962962962962963
4 0.5317708333333333 0.8444444444444444 0.04791666666666667 0.1259259259259259
4 0.6578125 0.5435185185185185 0.04114583333333333 0.06759259259259259
4 0.6390625 0.20925925925925926 0.04635416666666667 0.09259259259259259
4 0.5104166666666666 0.525 0.05 0.13055555555555556
4 0.4119791666666667 0.5935185185185186 0.041666666666666664 0.0712962962962963
2 0.6020833333333333 0.6129629629629629 0.03229166666666667 0.11666666666666667
2 0.35052083333333334 0.5398148148148149 0.03854166666666667 0.25277777777777777
2 0.5817708333333333 0.20925925925925926 0.036458333333333336 0.14351851851851852
2 0.2796875 0.15092592592592594 0.034895833333333334 0.1425925925925926
7 0.42604166666666665 0.000925925925925926 0.08697916666666666 0.21388888888888888
11 0.4609375 0.20277777777777778 0.021875 0.07407407407407407
