1 0.4421875 0.07777777777777778 0.3296875 0.5638888888888889
4 0.225 0.3101851851851852 0.10833333333333334 0.0962962962962963
4 0.8796875 0.30462962962962964 0.09583333333333334 0.09814814814814815
4 0.1953125 0.7481481481481481 0.1078125 0.11481481481481481
4 0.58125 0.6648148148148149 0.09635416666666667 0.0712962962962963
4 0.8046875 0.8638888888888889 0.096875 0.07592592592592592
4 0.5005208333333333 0.3814814814814815 0.11197916666666667 0.10740740740740741
2 0.7255208333333333 0.13703703703703704 0.04635416666666667 0.17592592592592593
2 0.4505208333333333 0.08148148148148149 0.041666666666666664 0.1675925925925926
2 0.6604166666666667 0.6111111111111112 0.041666666666666664 0.32222222222222224
2 0.43333333333333335 0.5722222222222222 0.04114583333333333 0.1537037037037037
11 0.575 0.09722222222222222 0.022916666666666665 0.1175925925925926
7 0.5333333333333333 0.000925925925925926 0.10989583333333333 0.10555555555555556
