4 0.13958333333333334 0.2712962962962963 0.12916666666666668 0.0962962962962963
4 0.315625 0.25555555555555554 0.12552083333333333 0.08055555555555556
4 0.309375 0.6768518518518518 0.11979166666666667 0.11018518518518519
4 0.17395833333333333 0.8527777777777777 0.1234375 0.09907407407407408
4 0.6890625 0.8666666666666667 0.13333333333333333 0.08611111111111111
4 0.8098958333333334 0.6944444444444444 0.12760416666666666 0.0824074074074074
4 0.6395833333333333 0.26944444444444443 0.13489583333333333 0.11203703703703703
4 0.8041666666666667 0.24259259259259258 0.12760416666666666 0.1037037037037037
2 0.60625 0.5509259259259259 0.043229166666666666 0.1537037037037037
2 0.47708333333333336 0.5527777777777778 0.04375 0.32037037037037036
2 0.4203125 0.06574074074074074 0.04635416666666667 0.17037037037037037
1 0.42239583333333336 0.04814814814814815 0.21510416666666668 0.5342592592592592
11 0.525 0.04259259259259259 0.0265625 0.11574074074074074
