1 0.2890625 0.07685185185185185 0.3515625 0.525
4 0.21302083333333333 0.5111111111111111 0.046875 0.08055555555555556
4 0.35052083333333334 0.8240740740740741 0.04791666666666667 0.13703703703703704
4 0.615625 0.8842592592592593 0.0453125 0.11574074074074074
4 0.6697916666666667 0.4 0.05364583333333333 0.11574074074074074
4 0.4666666666666667 0.5527777777777778 0.04635416666666667 0.07777777777777778
4 0.3578125 0.4601851851851852 0.05 0.12777777777777777
4 0.22604166666666667 0.15648148148148147 0.04375 0.075
2 0.2833333333333333 0.575 0.034895833333333334 0.11481481481481481
2 0.5421875 0.49166666666666664 0.03125 0.25277777777777777
2 0.6083333333333333 0.07685185185185185 0.036458333333333336 0.13148148148148148
2 0.29739583333333336 0.14722222222222223 0.034895833333333334 0.13518518518518519
11 0.4317708333333333 0.13240740740740742 0.03229166666666667 0.08055555555555556
7 0.4015625 0.000925925925925926 0.09479166666666666 0.1425925925925926
