4 0.17395833333333333 0.712037037037037 0.115625 0.09444444444444444
4 0.17760416666666667 0.49907407407407406 0.11822916666666666 0.08333333333333333
4 0.17395833333333333 0.2361111111111111 0.12552083333333333 0.08611111111111111
4 0.19375 0.11944444444444445 0.11666666666666667 0.08148148148148149
4 0.6692708333333334 0.11296296296296296 0.1203125 0.09166666666666666
4 0.6703125 0.22314814814814815 0.1234375 0.10648148148148148
4 0.6619791666666667 0.4925925925925926 0.11979166666666667 0.0787037037037037
4 0.6729166666666667 0.7166666666666667 0.12604166666666666 0.0824074074074074
2 0.47291666666666665 0.46296296296296297 0.0359375 0.2814814814814815
2 0.459375 0.049074074074074076 0.03802083333333333 0.15555555555555556
