4 0.21875 0.28888888888888886 0.10416666666666667 0.07314814814814814
4 0.6125 0.2537037037037037 0.10208333333333333 0.07037037037037037
4 0.7447916666666666 0.2814814814814815 0.09427083333333333 0.0712962962962963
4 0.2390625 0.4962962962962963 0.10625 0.06851851851851852
4 0.20833333333333334 0.5574074074074075 0.096875 0.07592592592592592
4 0.21510416666666668 0.8268518518518518 0.10625 0.075
4 0.6307291666666667 0.7953703703703704 0.0984375 0.062037037037037036
4 0.7671875 0.8212962962962963 0.0984375 0.06388888888888888
4 0.734375 0.5592592592592592 0.09739583333333333 0.05555555555555555
4 0.7864583333333334 0.48518518518518516 0.10260416666666666 0.075
4 0.6505208333333333 0.45185185185185184 0.09947916666666666 0.07314814814814814
4 0.6046875 0.5287037037037037 0.09583333333333334 0.06574074074074074
2 0.46145833333333336 0.6046296296296296 0.034375 0.22407407407407406
2 0.4671875 0.3296296296296296 0.0359375 0.11851851851851852
2 0.44583333333333336 0.47314814814814815 0.028125 0.09166666666666666
7 0.43020833333333336 0.000925925925925926 0.07395833333333333 0.23425925925925925
11 0.4588541666666667 0.2361111111111111 0.0234375 0.05648148148148148
