4 0.16875 0.19166666666666668 0.1109375 0.05185185185185185
4 0.3515625 0.1638888888888889 0.10625 0.05462962962962963
4 0.15989583333333332 0.3611111111111111 0.10416666666666667 0.05462962962962963
4 0.3390625 0.3416666666666667 0.09947916666666666 0.05462962962962963
4 0.315625 0.6064814814814815 0.11302083333333333 0.05462962962962963
4 0.12395833333333334 0.6268518518518519 0.11510416666666666 0.05925925925925926
4 0.309375 0.7481481481481481 0.10572916666666667 0.06111111111111111
4 0.14479166666666668 0.7638888888888888 0.103125 0.06111111111111111
4 0.75 0.7851851851851852 0.10989583333333333 0.062037037037037036
4 0.7697916666666667 0.6416666666666667 0.11614583333333334 0.075
4 0.7697916666666667 0.37037037037037035 0.1046875 0.05740740740740741
4 0.7864583333333334 0.1962962962962963 0.1109375 0.07314814814814814
2 0.5734375 0.6388888888888888 0.03229166666666667 0.15648148148148147
2 0.5708333333333333 0.5277777777777778 0.036458333333333336 0.09351851851851851
7 0.5677083333333334 0.000925925925925926 0.08125 0.32407407407407407
