1 0.37916666666666665 0.10555555555555556 0.29583333333333334 0.41203703703703703
4 0.2604166666666667 0.5157407407407407 0.04479166666666667 0.12314814814814815
4 0.30364583333333334 0.37222222222222223 0.04583333333333333 0.12037037037037036
4 0.3380208333333333 0.8925925925925926 0.04479166666666667 0.10740740740740741
4 0.3802083333333333 0.7453703703703703 0.0421875 0.11203703703703703
4 0.5458333333333333 0.8435185185185186 0.04635416666666667 0.12407407407407407
4 0.590625 0.6962962962962963 0.04114583333333333 0.11851851851851852
4 0.7036458333333333 0.4287037037037037 0.03958333333333333 0.07037037037037037
4 0.5265625 0.562037037037037 0.04583333333333333 0.13240740740740742
4 0.5015625 0.4824074074074074 0.0375 0.05092592592592592
4 0.56875 0.4222222222222222 0.0453125 0.12407407407407407
4 0.6786458333333333 0.15 0.03958333333333333 0.07962962962962963
2 0.6322916666666667 0.14722222222222223 0.028125 0.12777777777777777
2 0.371875 0.10185185185185185 0.033854166666666664 0.12314814814814815
2 0.653125 0.4888888888888889 0.028645833333333332 0.11296296296296296
2 0.4432291666666667 0.42592592592592593 0.0328125 0.21666666666666667
11 0.5197916666666667 0.14074074074074075 0.0328125 0.06111111111111111
7 0.4984375 0.000925925925925926 0.07395833333333333 0.14907407407407408
