4 0.16510416666666666 0.2175925925925926 0.09895833333333333 0.06944444444444445
4 0.3 0.16666666666666666 0.09895833333333333 0.06759259259259259
4 0.134375 0.39351851851851855 0.10625 0.07407407407407407
4 0.275 0.3435185185185185 0.11041666666666666 0.07222222222222222
4 0.15677083333333333 0.4981481481481482 0.09270833333333334 0.07037037037037037
4 0.2869791666666667 0.45 0.09322916666666667 0.07685185185185185
4 0.13072916666666667 0.7453703703703703 0.10208333333333333 0.07037037037037037
4 0.2713541666666667 0.7 0.0953125 0.06944444444444445
4 0.6890625 0.6805555555555556 0.1015625 0.07314814814814814
4 0.6822916666666666 0.43425925925925923 0.09739583333333333 0.06851851851851852
4 0.6953125 0.32685185185185184 0.1078125 0.08333333333333333
4 0.6911458333333333 0.15648148148148147 0.10208333333333333 0.06851851851851852
2 0.5192708333333333 0.45740740740740743 0.0296875 0.2490740740740741
2 0.515625 0.1824074074074074 0.035416666666666666 0.1259259259259259
7 0.496875 0.000925925925925926 0.078125 0.10092592592592593
