1 0.3572916666666667 0.2074074074074074 0.28177083333333336 0.6240740740740741
4 0.22291666666666668 0.38333333333333336 0.06822916666666666 0.06111111111111111
4 0.27239583333333334 0.7898148148148149 0.07291666666666667 0.05462962962962963
4 0.5276041666666667 0.8537037037037037 0.0734375 0.07407407407407407
4 0.7166666666666667 0.7064814814814815 0.0703125 0.07314814814814814
4 0.6979166666666666 0.387037037037037 0.07291666666666667 0.08888888888888889
4 0.4708333333333333 0.44351851851851853 0.071875 0.09074074074074075
4 0.45625 0.6370370370370371 0.06979166666666667 0.06666666666666667
2 0.41875 0.6194444444444445 0.030729166666666665 0.21388888888888888
2 0.5994791666666667 0.5685185185185185 0.0359375 0.11574074074074074
2 0.5822916666666667 0.2074074074074074 0.0359375 0.11481481481481481
2 0.3578125 0.25833333333333336 0.0265625 0.125
7 0.4630208333333333 0.000925925925925926 0.078125 0.22870370370370371
11 0.48489583333333336 0.22777777777777777 0.034375 0.07592592592592592
