4 0.18541666666666667 0.2490740740740741 0.109375 0.07314814814814814
4 0.3411458333333333 0.19444444444444445 0.11302083333333333 0.06481481481481481
4 0.15052083333333333 0.4537037037037037 0.12291666666666666 0.08425925925925926
4 0.31927083333333334 0.3962962962962963 0.1203125 0.08055555555555556
4 0.17083333333333334 0.575 0.10885416666666667 0.07314814814814814
4 0.31979166666666664 0.525 0.1125 0.075
4 0.1421875 0.8638888888888889 0.11875 0.09537037037037037
4 0.303125 0.8064814814814815 0.1140625 0.08796296296296297
4 0.7901041666666667 0.799074074074074 0.11979166666666667 0.06759259259259259
4 0.7848958333333333 0.5074074074074074 0.11145833333333334 0.07037037037037037
4 0.80625 0.38425925925925924 0.1234375 0.08333333333333333
4 0.7958333333333333 0.17592592592592593 0.11666666666666667 0.0824074074074074
2 0.5927083333333333 0.21388888888888888 0.03958333333333333 0.14351851851851852
2 0.59375 0.5592592592592592 0.034895833333333334 0.24259259259259258
7 0.5708333333333333 0.000925925925925926 0.09114583333333333 0.1175925925925926
