1 0.40572916666666664 0.262037037037037 0.30885416666666665 0.4888888888888889
4 0.25833333333333336 0.4675925925925926 0.075 0.06574074074074074
4 0.3109375 0.9305555555555556 0.07864583333333333 0.05925925925925926
4 0.5255208333333333 0.7564814814814815 0.07083333333333333 0.05925925925925926
4 0.8192708333333333 0.85 0.0828125 0.08055555555555556
4 0.7979166666666667 0.48333333333333334 0.08385416666666666 0.10555555555555556
4 0.5390625 0.5564814814814815 0.07864583333333333 0.10277777777777777
2 0.6661458333333333 0.26851851851851855 0.0375 0.13518518518518519
2 0.40572916666666664 0.3333333333333333 0.0359375 0.13425925925925927
2 0.4791666666666667 0.7185185185185186 0.0328125 0.26944444444444443
2 0.6895833333333333 0.687037037037037 0.036458333333333336 0.12222222222222222
11 0.5583333333333333 0.2953703703703704 0.029166666666666667 0.08796296296296297
7 0.5296875 0.000925925925925926 0.09114583333333333 0.30092592592592593
