4 0.17760416666666667 0.23425925925925925 0.11510416666666666 0.0824074074074074
4 0.3338541666666667 0.17962962962962964 0.11458333333333333 0.0712962962962963
4 0.14375 0.4361111111111111 0.12239583333333333 0.08611111111111111
4 0.3109375 0.37962962962962965 0.125 0.08148148148148149
4 0.165625 0.562037037037037 0.10885416666666667 0.08055555555555556
4 0.3177083333333333 0.5083333333333333 0.109375 0.07685185185185185
4 0.13489583333333333 0.8472222222222222 0.1203125 0.09259259259259259
4 0.2984375 0.7888888888888889 0.11510416666666666 0.08333333333333333
4 0.7869791666666667 0.7796296296296297 0.11822916666666666 0.07592592592592592
4 0.778125 0.4925925925925926 0.11458333333333333 0.07685185185185185
4 0.8026041666666667 0.3648148148148148 0.11979166666666667 0.08888888888888889
4 0.7932291666666667 0.16018518518518518 0.11354166666666667 0.08888888888888889
2 0.5890625 0.5333333333333333 0.035416666666666666 0.262037037037037
2 0.5885416666666666 0.1925925925925926 0.03697916666666667 0.14629629629629629
7 0.565625 0.000925925925925926 0.090625 0.09537037037037037
