4 0.18072916666666666 0.23981481481481481 0.09895833333333333 0.07314814814814814
4 0.31614583333333335 0.1925925925925926 0.09895833333333333 0.06666666666666667
4 0.146875 0.425 0.10625 0.07314814814814814
4 0.29270833333333335 0.3712962962962963 0.10416666666666667 0.07037037037037037
4 0.171875 0.5157407407407407 0.0921875 0.06851851851851852
4 0.3020833333333333 0.4703703703703704 0.09479166666666666 0.07222222222222222
4 0.14583333333333334 0.7703703703703704 0.1015625 0.06944444444444445
4 0.2838541666666667 0.7166666666666667 0.09895833333333333 0.06944444444444445
4 0.7015625 0.7055555555555556 0.09895833333333333 0.07314814814814814
4 0.6947916666666667 0.45185185185185184 0.10052083333333334 0.07314814814814814
4 0.7098958333333333 0.35462962962962963 0.10677083333333333 0.08425925925925926
4 0.7078125 0.17314814814814813 0.1015625 0.07407407407407407
2 0.5317708333333333 0.4925925925925926 0.030729166666666665 0.22962962962962963
2 0.5302083333333333 0.20833333333333334 0.03333333333333333 0.1287037037037037
7 0.5119791666666667 0.000925925925925926 0.07708333333333334 0.12685185185185185
