4 0.25833333333333336 0.7925925925925926 0.059895833333333336 0.14074074074074075
4 0.5364583333333334 0.7611111111111111 0.052083333333333336 0.1398148148148148
4 0.6979166666666666 0.4287037037037037 0.053125 0.07222222222222222
4 0.5130208333333334 0.3814814814814815 0.05677083333333333 0.15
4 0.6739583333333333 0.04814814814814815 0.05364583333333333 0.10277777777777777
4 0.44166666666666665 0.4583333333333333 0.04791666666666667 0.09074074074074075
4 0.16354166666666667 0.29074074074074074 0.0609375 0.15092592592592594
2 0.3567708333333333 0.3861111111111111 0.04010416666666667 0.2814814814814815
2 0.6255208333333333 0.4898148148148148 0.04114583333333333 0.1361111111111111
2 0.6057291666666667 0.023148148148148147 0.03958333333333333 0.1574074074074074
1 0.2989583333333333 0.000925925925925926 0.35833333333333334 0.5175925925925926
