2 0.3359375 0.23425925925925925 0.03229166666666667 0.12777777777777777
2 0.5635416666666667 0.18518518518518517 0.033854166666666664 0.11851851851851852
2 0.403125 0.5777777777777777 0.030729166666666665 0.23333333333333334
2 0.5833333333333334 0.549074074074074 0.03125 0.10648148148148148
1 0.3375 0.18518518518518517 0.28072916666666664 0.6268518518518519
4 0.20677083333333332 0.36203703703703705 0.06614583333333333 0.05462962962962963
4 0.6802083333333333 0.36203703703703705 0.0703125 0.08518518518518518
4 0.6953125 0.6842592592592592 0.075 0.07314814814814814
4 0.509375 0.8277777777777777 0.07447916666666667 0.07962962962962963
4 0.2546875 0.7675925925925926 0.07239583333333334 0.06111111111111111
4 0.43802083333333336 0.6194444444444445 0.06666666666666667 0.05092592592592592
4 0.45 0.41944444444444445 0.071875 0.09259259259259259
11 0.46927083333333336 0.20925925925925926 0.028645833333333332 0.06851851851851852
7 0.44479166666666664 0.000925925925925926 0.07604166666666666 0.2074074074074074
