1 0.23385416666666667 0.09907407407407408 0.31979166666666664 0.5879629629629629
4 0.15208333333333332 0.5185185185185185 0.04583333333333333 0.07037037037037037
4 0.2942708333333333 0.7962962962962963 0.050520833333333334 0.14074074074074075
4 0.5369791666666667 0.8333333333333334 0.05572916666666667 0.12777777777777777
4 0.59375 0.37222222222222223 0.05416666666666667 0.12314814814814815
4 0.3854166666666667 0.5592592592592592 0.0453125 0.06759259259259259
4 0.3046875 0.4583333333333333 0.04583333333333333 0.12314814814814815
4 0.15989583333333332 0.19166666666666668 0.046875 0.07777777777777778
2 0.5260416666666666 0.09351851851851851 0.036458333333333336 0.13425925925925927
2 0.23385416666666667 0.17222222222222222 0.04114583333333333 0.13425925925925927
2 0.22916666666666666 0.562037037037037 0.030729166666666665 0.1287037037037037
2 0.46145833333333336 0.47685185185185186 0.035416666666666666 0.2518518518518518
7 0.33697916666666666 0.000925925925925926 0.084375 0.1638888888888889
11 0.3671875 0.14814814814814814 0.027083333333333334 0.08055555555555556
