1 0.39166666666666666 0.24722222222222223 0.30833333333333335 0.48055555555555557
2 0.39166666666666666 0.3138888888888889 0.03333333333333333 0.13796296296296295
2 0.6541666666666667 0.25277777777777777 0.034895833333333334 0.13703703703703704
2 0.6729166666666667 0.6611111111111111 0.03802083333333333 0.13518518518518519
2 0.4609375 0.7027777777777777 0.03802083333333333 0.26481481481481484
4 0.240625 0.44537037037037036 0.07708333333333334 0.06574074074074074
4 0.29635416666666664 0.9101851851851852 0.07864583333333333 0.06759259259259259
4 0.5098958333333333 0.7416666666666667 0.07395833333333333 0.06296296296296296
4 0.803125 0.8277777777777777 0.08177083333333333 0.09351851851851851
4 0.78125 0.4601851851851852 0.08802083333333334 0.10555555555555556
4 0.5177083333333333 0.5342592592592592 0.084375 0.10925925925925926
11 0.5416666666666666 0.2759259259259259 0.034895833333333334 0.09537037037037037
7 0.5135416666666667 0.000925925925925926 0.09427083333333333 0.28425925925925927
