4 0.6177083333333333 0.15462962962962962 0.1109375 0.08796296296296297
4 0.7484375 0.1925925925925926 0.11927083333333334 0.10092592592592593
4 0.6036458333333333 0.5287037037037037 0.11302083333333333 0.07314814814814814
4 0.6984375 0.7157407407407408 0.12083333333333333 0.08055555555555556
4 0.153125 0.1574074074074074 0.11979166666666667 0.08703703703703704
4 0.23645833333333333 0.18888888888888888 0.13177083333333334 0.10185185185185185
4 0.1328125 0.5342592592592592 0.11510416666666666 0.09537037037037037
4 0.18802083333333333 0.7361111111111112 0.1265625 0.1111111111111111
2 0.49583333333333335 0.4361111111111111 0.04635416666666667 0.3
2 0.4171875 0.4148148148148148 0.04010416666666667 0.13240740740740742
2 0.5364583333333334 0.000925925925925926 0.044270833333333336 0.15648148148148147
