1 0.2708333333333333 0.1287037037037037 0.3078125 0.4685185185185185
4 0.19427083333333334 0.22314814814814815 0.049479166666666664 0.06759259259259259
4 0.18333333333333332 0.5305555555555556 0.044270833333333336 0.07592592592592592
4 0.3463541666666667 0.7768518518518519 0.050520833333333334 0.12777777777777777
4 0.5625 0.8148148148148148 0.051041666666666666 0.11574074074074074
4 0.6197916666666666 0.387037037037037 0.053125 0.10462962962962963
4 0.353125 0.4666666666666667 0.053125 0.10462962962962963
2 0.2786458333333333 0.20462962962962963 0.035416666666666666 0.1175925925925926
2 0.2708333333333333 0.5657407407407408 0.03125 0.11481481481481481
2 0.484375 0.49166666666666664 0.0328125 0.22685185185185186
2 0.5463541666666667 0.13148148148148148 0.03125 0.11296296296296296
7 0.3729166666666667 0.000925925925925926 0.0765625 0.19444444444444445
