1 0.3885416666666667 0.12777777777777777 0.3296875 0.4925925925925926
7 0.5270833333333333 0.000925925925925926 0.08333333333333333 0.22407407407407406
4 0.4546875 0.08703703703703704 0.05 0.08796296296296297
4 0.2875 0.45185185185185184 0.05416666666666667 0.15
4 0.35885416666666664 0.8518518518518519 0.058854166666666666 0.13703703703703704
4 0.6041666666666666 0.8425925925925926 0.05260416666666667 0.13425925925925927
4 0.584375 0.55 0.0484375 0.1527777777777778
4 0.7536458333333333 0.462037037037037 0.04895833333333333 0.07777777777777778
4 0.7359375 0.175 0.05 0.1
4 0.525 0.47129629629629627 0.050520833333333334 0.08518518518518518
2 0.4505208333333333 0.48148148148148145 0.03177083333333333 0.2388888888888889
2 0.6864583333333333 0.5907407407407408 0.03229166666666667 0.12037037037037036
2 0.6734375 0.225 0.0359375 0.13333333333333333
2 0.3807291666666667 0.13148148148148148 0.034895833333333334 0.13055555555555556
