1 0.40572916666666664 0.0824074074074074 0.22604166666666667 0.4101851851851852
2 0.4015625 0.08055555555555556 0.03802083333333333 0.14444444444444443
2 0.5989583333333334 0.14074074074074075 0.04114583333333333 0.13796296296296295
2 0.5927083333333333 0.4703703703703704 0.03697916666666667 0.10833333333333334
2 0.40260416666666665 0.4305555555555556 0.03697916666666667 0.12222222222222222
4 0.64375 0.26296296296296295 0.03802083333333333 0.1
4 0.5385416666666667 0.7814814814814814 0.04739583333333333 0.1648148148148148
4 0.33489583333333334 0.75 0.05260416666666667 0.19166666666666668
4 0.3421875 0.4666666666666667 0.0453125 0.1685185185185185
4 0.44635416666666666 0.23055555555555557 0.04375 0.125
4 0.5427083333333333 0.5481481481481482 0.043229166666666666 0.18055555555555555
4 0.6484375 0.04722222222222222 0.035416666666666666 0.11666666666666667
7 0.47239583333333335 0.000925925925925926 0.09739583333333333 0.14814814814814814
