1 0.36614583333333334 0.13148148148148148 0.19427083333333334 0.44166666666666665
2 0.3651041666666667 0.14537037037037037 0.0375 0.14351851851851852
2 0.4005208333333333 0.55 0.0390625 0.27037037037037037
2 0.5354166666666667 0.549074074074074 0.03229166666666667 0.12962962962962962
4 0.13125 0.29814814814814816 0.10416666666666667 0.07037037037037037
4 0.29270833333333335 0.2824074074074074 0.10364583333333334 0.06944444444444445
4 0.14739583333333334 0.7833333333333333 0.10416666666666667 0.07037037037037037
4 0.2911458333333333 0.6361111111111111 0.10520833333333333 0.07685185185185185
4 0.5765625 0.8185185185185185 0.1109375 0.08518518518518518
4 0.7125 0.6777777777777778 0.109375 0.07962962962962963
4 0.55 0.3296296296296296 0.10833333333333334 0.09259259259259259
4 0.7140625 0.30648148148148147 0.10416666666666667 0.09722222222222222
