1 0.35520833333333335 0.1037037037037037 0.27447916666666666 0.3787037037037037
4 0.5942708333333333 0.6935185185185185 0.0390625 0.10185185185185185
4 0.4015625 0.65 0.0359375 0.10740740740740741
4 0.6479166666666667 0.33055555555555555 0.034375 0.09166666666666666
4 0.30104166666666665 0.4212962962962963 0.03333333333333333 0.06388888888888888
4 0.40989583333333335 0.3861111111111111 0.035416666666666666 0.09259259259259259
4 0.4921875 0.4685185185185185 0.034895833333333334 0.06111111111111111
4 0.3140625 0.16018518518518518 0.034375 0.06018518518518518
2 0.3651041666666667 0.15185185185185185 0.0265625 0.1037037037037037
2 0.6015625 0.10185185185185185 0.025520833333333333 0.11018518518518519
2 0.35572916666666665 0.4601851851851852 0.025520833333333333 0.10462962962962963
2 0.5442708333333334 0.4166666666666667 0.027083333333333334 0.18703703703703703
7 0.44583333333333336 0.000925925925925926 0.06614583333333333 0.1527777777777778
