1 0.24010416666666667 0.06759259259259259 0.49114583333333334 0.6925925925925925
2 0.2375 0.06481481481481481 0.04635416666666667 0.2074074074074074
2 0.6692708333333334 0.14351851851851852 0.0453125 0.2111111111111111
2 0.3463541666666667 0.6351851851851852 0.04479166666666667 0.35462962962962963
2 0.6979166666666666 0.7287037037037037 0.044270833333333336 0.19722222222222222
4 0.15052083333333333 0.4981481481481482 0.059375 0.17314814814814813
4 0.4171875 0.75 0.05364583333333333 0.08703703703703704
4 0.5994791666666667 0.5787037037037037 0.0578125 0.1824074074074074
4 0.7598958333333333 0.6638888888888889 0.0515625 0.09259259259259259
4 0.7296875 0.17407407407407408 0.051041666666666666 0.1259259259259259
7 0.44166666666666665 0.000925925925925926 0.12291666666666666 0.14074074074074075
11 0.4864583333333333 0.1287037037037037 0.04895833333333333 0.10555555555555556
