4 0.7541666666666667 0.32592592592592595 0.10052083333333334 0.07685185185185185
4 0.6359375 0.6037037037037037 0.10520833333333333 0.075
4 0.7666666666666667 0.6712962962962963 0.109375 0.07592592592592592
4 0.36041666666666666 0.7805555555555556 0.11354166666666667 0.09444444444444444
4 0.22760416666666666 0.7064814814814815 0.11145833333333334 0.11388888888888889
4 0.3453125 0.4361111111111111 0.11614583333333334 0.1287037037037037
4 0.23854166666666668 0.36574074074074076 0.11458333333333333 0.10648148148148148
2 0.5947916666666667 0.17685185185185184 0.0421875 0.16296296296296298
2 0.4734375 0.11944444444444445 0.043229166666666666 0.15925925925925927
2 0.5911458333333334 0.5972222222222222 0.046875 0.14351851851851852
2 0.475 0.5222222222222223 0.04479166666666667 0.1527777777777778
1 0.47291666666666665 0.11574074074074074 0.16822916666666668 0.6388888888888888
11 0.5369791666666667 0.14166666666666666 0.040625 0.09907407407407408
7 0.5026041666666666 0.000925925925925926 0.10625 0.14351851851851852
