2 0.5083333333333333 0.40555555555555556 0.041666666666666664 0.29444444444444445
2 0.4270833333333333 0.38333333333333336 0.036458333333333336 0.13055555555555556
4 0.6109375 0.4962962962962963 0.109375 0.07222222222222222
4 0.7052083333333333 0.6833333333333333 0.11875 0.07962962962962963
4 0.7536458333333333 0.15185185185185185 0.12083333333333333 0.10648148148148148
4 0.625 0.12314814814814815 0.10885416666666667 0.09537037037037037
4 0.2453125 0.16296296296296298 0.13125 0.09537037037037037
4 0.1609375 0.12407407407407407 0.12395833333333334 0.07777777777777778
4 0.13854166666666667 0.5092592592592593 0.11770833333333333 0.07685185185185185
4 0.19791666666666666 0.7055555555555556 0.1265625 0.09722222222222222
