1 0.46875 0.1925925925925926 0.15416666666666667 0.4888888888888889
2 0.5848958333333333 0.25092592592592594 0.041666666666666664 0.1638888888888889
2 0.4630208333333333 0.18888888888888888 0.0453125 0.16203703703703703
2 0.465625 0.5935185185185186 0.04114583333333333 0.14814814814814814
2 0.5817708333333333 0.6611111111111111 0.04479166666666667 0.15092592592592594
4 0.628125 0.6722222222222223 0.10052083333333334 0.07592592592592592
4 0.7598958333333333 0.7425925925925926 0.10625 0.07592592592592592
4 0.7416666666666667 0.3962962962962963 0.10625 0.07962962962962963
4 0.3359375 0.5027777777777778 0.11302083333333333 0.12685185185185185
4 0.2296875 0.42962962962962964 0.11302083333333333 0.11388888888888889
4 0.2171875 0.7759259259259259 0.10989583333333333 0.12129629629629629
4 0.3463541666666667 0.8444444444444444 0.1171875 0.10555555555555556
7 0.4953125 0.000925925925925926 0.10572916666666667 0.2175925925925926
11 0.5213541666666667 0.21851851851851853 0.04635416666666667 0.09537037037037037
