1 0.25677083333333334 0.13796296296296295 0.3109375 0.46944444444444444
4 0.17395833333333333 0.5407407407407407 0.046875 0.07962962962962963
4 0.334375 0.7898148148148149 0.053125 0.125
4 0.553125 0.8222222222222222 0.05 0.11944444444444445
4 0.6088541666666667 0.3990740740740741 0.05364583333333333 0.10555555555555556
4 0.18541666666666667 0.23055555555555557 0.04583333333333333 0.06759259259259259
4 0.3411458333333333 0.47685185185185186 0.05364583333333333 0.10462962962962963
2 0.47604166666666664 0.5027777777777778 0.030729166666666665 0.22685185185185186
2 0.25729166666666664 0.5824074074074074 0.033854166666666664 0.1037037037037037
2 0.2713541666666667 0.2111111111111111 0.035416666666666666 0.1259259259259259
2 0.5364583333333334 0.1388888888888889 0.03229166666666667 0.11388888888888889
7 0.3625 0.000925925925925926 0.078125 0.2037037037037037
