1 0.375 0.09722222222222222 0.19791666666666666 0.45185185185185184
4 0.15625 0.7546296296296297 0.10364583333333334 0.07222222222222222
4 0.30104166666666665 0.6111111111111112 0.10104166666666667 0.06944444444444445
4 0.5833333333333334 0.7898148148148149 0.11145833333333334 0.07962962962962963
4 0.7177083333333333 0.6453703703703704 0.10885416666666667 0.07777777777777778
4 0.7197916666666667 0.275 0.10625 0.09537037037037037
4 0.5588541666666667 0.2935185185185185 0.11041666666666666 0.09722222222222222
4 0.14010416666666667 0.26851851851851855 0.10572916666666667 0.06851851851851852
4 0.2994791666666667 0.2537037037037037 0.10625 0.06574074074074074
2 0.3765625 0.11296296296296296 0.034375 0.13796296296296295
2 0.4088541666666667 0.5138888888888888 0.036458333333333336 0.27870370370370373
2 0.5421875 0.5203703703703704 0.034375 0.12777777777777777
