4 0.759375 0.43796296296296294 0.1078125 0.07685185185185185
4 0.7796875 0.7833333333333333 0.10520833333333333 0.07407407407407407
4 0.6447916666666667 0.7157407407407408 0.10260416666666666 0.07314814814814814
4 0.3651041666666667 0.8944444444444445 0.11666666666666667 0.09907407407407408
4 0.23541666666666666 0.8212962962962963 0.11458333333333333 0.12222222222222222
4 0.3536458333333333 0.5472222222222223 0.11354166666666667 0.12777777777777777
4 0.24270833333333333 0.48518518518518516 0.11875 0.10277777777777777
2 0.4796875 0.23148148148148148 0.044270833333333336 0.16296296296296298
2 0.5994791666666667 0.2953703703703704 0.04375 0.16296296296296298
2 0.48072916666666665 0.6333333333333333 0.04583333333333333 0.1527777777777778
2 0.5963541666666666 0.7055555555555556 0.05 0.14722222222222223
1 0.48125 0.23703703703703705 0.16145833333333334 0.48148148148148145
7 0.5135416666666667 0.000925925925925926 0.10208333333333333 0.2611111111111111
11 0.540625 0.2564814814814815 0.0453125 0.10925925925925926
