4 0.35052083333333334 0.8527777777777777 0.052083333333333336 0.13796296296296295
4 0.6385416666666667 0.7898148148148149 0.04895833333333333 0.13240740740740742
4 0.7723958333333333 0.4898148148148148 0.04895833333333333 0.06111111111111111
4 0.4901041666666667 0.5555555555555556 0.051041666666666666 0.0712962962962963
4 0.27239583333333334 0.35833333333333334 0.0515625 0.15092592592592594
4 0.7494791666666667 0.1175925925925926 0.049479166666666664 0.09722222222222222
4 0.6203125 0.4203703703703704 0.053125 0.15092592592592594
1 0.3494791666666667 0.021296296296296296 0.38958333333333334 0.5472222222222223
2 0.428125 0.45185185185185184 0.0375 0.2898148148148148
2 0.70625 0.5351851851851852 0.04114583333333333 0.13703703703703704
2 0.6916666666666667 0.07962962962962963 0.0390625 0.1638888888888889
2 0.34791666666666665 0.021296296296296296 0.04114583333333333 0.16111111111111112
11 0.5505208333333333 0.07222222222222222 0.025520833333333333 0.08888888888888889
7 0.5119791666666667 0.000925925925925926 0.1046875 0.08981481481481482
