4 0.6010416666666667 0.7675925925925926 0.11614583333333334 0.12037037037037036
4 0.6614583333333334 0.6055555555555555 0.11770833333333333 0.09166666666666666
4 0.5807291666666666 0.5268518518518519 0.121875 0.09166666666666666
4 0.66875 0.3425925925925926 0.1171875 0.10277777777777777
4 0.20625 0.1712962962962963 0.11458333333333333 0.07592592592592592
4 0.19947916666666668 0.4388888888888889 0.10833333333333334 0.06481481481481481
4 0.1171875 0.34444444444444444 0.1125 0.06944444444444445
4 0.12447916666666667 0.6018518518518519 0.11458333333333333 0.06388888888888888
1 0.4005208333333333 0.10555555555555556 0.11145833333333334 0.5472222222222223
7 0.22864583333333333 0.000925925925925926 0.21770833333333334 0.3277777777777778
2 0.3848958333333333 0.6129629629629629 0.06354166666666666 0.11574074074074074
2 0.390625 0.3111111111111111 0.04739583333333333 0.10833333333333334
11 0.471875 0.008333333333333333 0.034895833333333334 0.1425925925925926
