4 0.7109375 0.7194444444444444 0.041666666666666664 0.12685185185185185
4 0.7901041666666667 0.43148148148148147 0.03958333333333333 0.06759259259259259
4 0.44947916666666665 0.8203703703703704 0.04583333333333333 0.13148148148148148
4 0.36302083333333335 0.38425925925925924 0.04114583333333333 0.14444444444444443
4 0.7651041666666667 0.0962962962962963 0.03958333333333333 0.09259259259259259
4 0.5385416666666667 0.5287037037037037 0.0390625 0.08148148148148149
4 0.6755208333333333 0.3972222222222222 0.0515625 0.13703703703703704
2 0.4942708333333333 0.4648148148148148 0.0375 0.2638888888888889
2 0.7473958333333334 0.49166666666666664 0.0375 0.14166666666666666
2 0.7239583333333334 0.0962962962962963 0.0375 0.14351851851851852
2 0.4114583333333333 0.07314814814814814 0.03229166666666667 0.15
1 0.4166666666666667 0.075 0.3567708333333333 0.44537037037037036
11 0.5927083333333333 0.1037037037037037 0.030208333333333334 0.0787037037037037
7 0.5583333333333333 0.000925925925925926 0.09479166666666666 0.1111111111111111
