4 0.06875 0.39444444444444443 0.049479166666666664 0.10092592592592593
4 0.17604166666666668 0.7518518518518519 0.06041666666666667 0.18333333333333332
4 0.51875 0.8277777777777777 0.058333333333333334 0.17222222222222222
4 0.6036458333333333 0.23981481481481481 0.05416666666666667 0.15925925925925927
4 0.4005208333333333 0.4666666666666667 0.0484375 0.11203703703703703
4 0.18541666666666667 0.32407407407407407 0.058333333333333334 0.15555555555555556
2 0.45989583333333334 0.3814814814814815 0.04114583333333333 0.3194444444444444
2 0.12552083333333333 0.4722222222222222 0.03958333333333333 0.14907407407407408
1 0.13125 0.000925925925925926 0.38333333333333336 0.5018518518518519
4 0.0796875 0.000925925925925926 0.04583333333333333 0.058333333333333334
