4 0.5958333333333333 0.22777777777777777 0.1046875 0.0962962962962963
4 0.515625 0.425 0.10364583333333334 0.08611111111111111
4 0.5942708333333333 0.4962962962962963 0.09739583333333333 0.08888888888888889
4 0.5317708333333333 0.7453703703703703 0.0984375 0.09814814814814815
4 0.21197916666666666 0.14537037037037037 0.10520833333333333 0.062037037037037036
4 0.11614583333333334 0.3296296296296296 0.11666666666666667 0.06944444444444445
4 0.21197916666666666 0.41944444444444445 0.09375 0.07037037037037037
4 0.1359375 0.6620370370370371 0.10260416666666666 0.07222222222222222
2 0.3729166666666667 0.5120370370370371 0.03229166666666667 0.23333333333333334
2 0.434375 0.3861111111111111 0.0375 0.11296296296296296
2 0.34270833333333334 0.23425925925925925 0.036458333333333336 0.13148148148148148
7 0.37135416666666665 0.000925925925925926 0.07916666666666666 0.1537037037037037
