4 0.2671875 0.49166666666666664 0.05364583333333333 0.08611111111111111
4 0.2708333333333333 0.24166666666666667 0.05364583333333333 0.07685185185185185
4 0.4546875 0.8453703703703703 0.0625 0.1388888888888889
4 0.6645833333333333 0.8037037037037037 0.0609375 0.14351851851851852
4 0.45677083333333335 0.5712962962962963 0.06145833333333333 0.13055555555555556
4 0.7171875 0.42962962962962964 0.06041666666666667 0.12777777777777777
4 0.515625 0.10185185185185185 0.05416666666666667 0.07592592592592592
4 0.4786458333333333 0.46944444444444444 0.044270833333333336 0.075
1 0.375 0.14537037037037037 0.2765625 0.48518518518518516
7 0.45625 0.000925925925925926 0.08229166666666667 0.275
2 0.3734375 0.287962962962963 0.0359375 0.11851851851851852
2 0.3671875 0.6092592592592593 0.030729166666666665 0.10462962962962963
2 0.5697916666666667 0.48333333333333334 0.04010416666666667 0.19444444444444445
2 0.6286458333333333 0.14444444444444443 0.0359375 0.12129629629629629
