1 0.203125 0.03148148148148148 0.5458333333333333 0.7574074074074074
11 0.4890625 0.10185185185185185 0.0296875 0.125
2 0.6875 0.11296296296296296 0.05364583333333333 0.20185185185185187
2 0.7088541666666667 0.7564814814814815 0.052083333333333336 0.17592592592592593
2 0.315625 0.6546296296296297 0.05 0.3453703703703704
2 0.19895833333333332 0.025 0.0515625 0.22592592592592592
4 0.08958333333333333 0.5166666666666667 0.0765625 0.20555555555555555
4 0.7677083333333333 0.16666666666666666 0.06927083333333334 0.12962962962962962
4 0.8 0.6953703703703704 0.0703125 0.08611111111111111
4 0.4046875 0.7907407407407407 0.06875 0.10185185185185185
4 0.5911458333333334 0.5953703703703703 0.0703125 0.21388888888888888
7 0.434375 0.000925925925925926 0.14166666666666666 0.12685185185185185
