1 0.20104166666666667 0.009259259259259259 0.6182291666666667 0.8953703703703704
2 0.20520833333333333 0.11944444444444445 0.06041666666666667 0.23148148148148148
2 0.76875 0.017592592592592594 0.06666666666666667 0.22592592592592592
2 0.19583333333333333 0.8472222222222222 0.05677083333333333 0.1527777777777778
4 0.853125 0.5398148148148149 0.071875 0.19166666666666668
4 0.13229166666666667 0.16666666666666666 0.059895833333333336 0.125
4 0.11302083333333333 0.7601851851851852 0.071875 0.14444444444444443
4 0.5786458333333333 0.8574074074074074 0.06614583333333333 0.1425925925925926
4 0.278125 0.6324074074074074 0.0671875 0.20833333333333334
11 0.446875 0.09722222222222222 0.052083333333333336 0.14537037037037037
7 0.39166666666666666 0.000925925925925926 0.15572916666666667 0.1111111111111111
