1 0.21822916666666667 0.11018518518518519 0.5854166666666667 0.6481481481481481
7 0.4875 0.000925925925925926 0.13020833333333334 0.22962962962962963
2 0.3104166666666667 0.10740740740740741 0.0703125 0.17962962962962964
2 0.7359375 0.21481481481481482 0.0703125 0.18055555555555555
2 0.18645833333333334 0.6546296296296297 0.05677083333333333 0.17222222222222222
2 0.503125 0.7203703703703703 0.09375 0.2796296296296296
4 0.7979166666666667 0.7027777777777777 0.071875 0.2175925925925926
4 0.14427083333333332 0.027777777777777776 0.08385416666666666 0.1259259259259259
4 0.052083333333333336 0.4537037037037037 0.08020833333333334 0.15185185185185185
4 0.371875 0.5944444444444444 0.06458333333333334 0.225
4 0.35625 0.6796296296296296 0.0734375 0.14814814814814814
