1 0.28177083333333336 0.2564814814814815 0.31875 0.575925925925926
2 0.2796875 0.3287037037037037 0.05572916666666667 0.15833333333333333
2 0.5552083333333333 0.2861111111111111 0.051041666666666666 0.1537037037037037
4 0.35052083333333334 0.6583333333333333 0.04479166666666667 0.10555555555555556
4 0.3072916666666667 0.7601851851851852 0.04375 0.1787037037037037
4 0.584375 0.7296296296296296 0.05 0.2037037037037037
4 0.6067708333333334 0.6268518518518519 0.041666666666666664 0.08055555555555556
11 0.5239583333333333 0.16574074074074074 0.09895833333333333 0.13425925925925927
11 0.2421875 0.19814814814814816 0.08854166666666667 0.13240740740740742
7 0.0067708333333333336 0.000925925925925926 0.2796875 0.32407407407407407
7 0.5765625 0.000925925925925926 0.25729166666666664 0.28703703703703703
