1 0.2755208333333333 0.019444444444444445 0.32916666666666666 0.5740740740740741
7 0.3807291666666667 0.000925925925925926 0.09427083333333333 0.1574074074074074
4 0.153125 0.09814814814814815 0.06770833333333333 0.10092592592592593
4 0.14427083333333332 0.3861111111111111 0.06666666666666667 0.11666666666666667
4 0.384375 0.5259259259259259 0.0734375 0.14814814814814814
4 0.3776041666666667 0.8342592592592593 0.07135416666666666 0.1574074074074074
4 0.6130208333333333 0.7675925925925926 0.0734375 0.15925925925925927
4 0.6708333333333333 0.33796296296296297 0.07447916666666667 0.14907407407407408
4 0.37604166666666666 0.3351851851851852 0.06770833333333333 0.11296296296296296
2 0.2703125 0.5638888888888889 0.03854166666666667 0.11666666666666667
2 0.5104166666666666 0.4 0.0359375 0.22314814814814815
2 0.5723958333333333 0.01574074074074074 0.03958333333333333 0.13518518518518519
2 0.28489583333333335 0.19444444444444445 0.03854166666666667 0.1361111111111111
