4 0.684375 0.3388888888888889 0.09270833333333334 0.125
4 0.6484375 0.5972222222222222 0.08645833333333333 0.10925925925925926
4 0.5427083333333333 0.4898148148148148 0.0984375 0.13425925925925927
4 0.5203125 0.8287037037037037 0.09739583333333333 0.11481481481481481
4 0.17239583333333333 0.5722222222222222 0.08645833333333333 0.07592592592592592
4 0.3072916666666667 0.37962962962962965 0.0828125 0.05462962962962963
4 0.17708333333333334 0.23055555555555557 0.0953125 0.08055555555555556
4 0.340625 0.11296296296296296 0.09270833333333334 0.06944444444444445
2 0.38385416666666666 0.5185185185185185 0.050520833333333334 0.2351851851851852
2 0.38645833333333335 0.22407407407407406 0.044270833333333336 0.13055555555555556
1 0.3984375 0.09444444444444444 0.1796875 0.44814814814814813
7 0.471875 0.000925925925925926 0.0796875 0.1814814814814815
