7 0.3963541666666667 0.000925925925925926 0.11875 0.225
2 0.6635416666666667 0.03148148148148148 0.05416666666666667 0.16296296296296298
2 0.3015625 0.30277777777777776 0.058333333333333334 0.16018518518518518
2 0.3723958333333333 0.7666666666666667 0.051041666666666666 0.14907407407407408
2 0.6651041666666667 0.525 0.071875 0.287962962962963
1 0.30052083333333335 0.03148148148148148 0.3953125 0.7712962962962963
4 0.2515625 0.30648148148148147 0.046875 0.09166666666666666
4 0.3177083333333333 0.6916666666666667 0.046875 0.09074074074074075
4 0.39791666666666664 0.6694444444444444 0.0640625 0.14166666666666666
4 0.6291666666666667 0.5916666666666667 0.050520833333333334 0.09814814814814815
4 0.7625 0.39814814814814814 0.06770833333333333 0.14722222222222223
