2 0.24739583333333334 0.24444444444444444 0.06666666666666667 0.175
2 0.5895833333333333 0.12777777777777777 0.06614583333333333 0.16574074074074074
2 0.4234375 0.649074074074074 0.08072916666666667 0.29074074074074074
2 0.7088541666666667 0.575925925925926 0.058333333333333334 0.13703703703703704
4 0.6947916666666667 0.10648148148148148 0.06458333333333334 0.11666666666666667
4 0.7979166666666667 0.4638888888888889 0.058854166666666666 0.10277777777777777
4 0.6567708333333333 0.875 0.04739583333333333 0.125
4 0.5401041666666667 0.6814814814814815 0.06979166666666667 0.10092592592592593
4 0.5552083333333333 0.5120370370370371 0.05572916666666667 0.18703703703703703
4 0.20104166666666667 0.6361111111111111 0.0609375 0.18518518518518517
11 0.44166666666666665 0.18611111111111112 0.046875 0.09259259259259259
1 0.24791666666666667 0.11851851851851852 0.4828125 0.562037037037037
7 0.39895833333333336 0.000925925925925926 0.10729166666666666 0.2064814814814815
