4 0.14114583333333333 0.4981481481481482 0.07291666666666667 0.18518518518518517
4 0.5244791666666667 0.4 0.0703125 0.17685185185185184
4 0.5932291666666667 0.6842592592592592 0.0828125 0.06851851851851852
4 0.8734375 0.4537037037037037 0.0859375 0.07685185185185185
4 0.621875 0.8296296296296296 0.071875 0.16296296296296298
4 0.7625 0.026851851851851852 0.09010416666666667 0.1
2 0.4328125 0.5740740740740741 0.08645833333333333 0.3425925925925926
2 0.24270833333333333 0.0787037037037037 0.07239583333333334 0.19722222222222222
2 0.74375 0.5083333333333333 0.059375 0.17314814814814813
2 0.6213541666666667 0.000925925925925926 0.06510416666666667 0.1712962962962963
11 0.45677083333333335 0.012962962962962963 0.0515625 0.1287037037037037
1 0.24739583333333334 0.000925925925925926 0.5203125 0.6259259259259259
