4 0.3932291666666667 0.2111111111111111 0.04375 0.11666666666666667
4 0.3927083333333333 0.022222222222222223 0.034895833333333334 0.10185185185185185
4 0.4973958333333333 0.47314814814814815 0.04375 0.15092592592592594
4 0.5072916666666667 0.6898148148148148 0.046875 0.1638888888888889
4 0.6713541666666667 0.6268518518518519 0.044270833333333336 0.14629629629629629
4 0.6776041666666667 0.42407407407407405 0.040625 0.15
1 0.45625 0.09074074074074075 0.19739583333333333 0.34629629629629627
2 0.45364583333333336 0.1527777777777778 0.028125 0.11296296296296296
2 0.4588541666666667 0.42407407407407405 0.03125 0.09907407407407408
2 0.6182291666666667 0.3527777777777778 0.03229166666666667 0.11018518518518519
2 0.6234375 0.08981481481481482 0.033854166666666664 0.12314814814814815
7 0.5130208333333334 0.000925925925925926 0.08489583333333334 0.16111111111111112
