2 0.38385416666666666 0.1537037037037037 0.0421875 0.11203703703703703
2 0.5734375 0.12222222222222222 0.035416666666666666 0.11388888888888889
2 0.5885416666666666 0.4361111111111111 0.0328125 0.09166666666666666
4 0.43645833333333334 0.3351851851851852 0.030208333333333334 0.09351851851851851
4 0.4114583333333333 0.4583333333333333 0.035416666666666666 0.15185185185185185
4 0.446875 0.7296296296296296 0.036458333333333336 0.1527777777777778
4 0.6125 0.6777777777777778 0.03697916666666667 0.14722222222222223
4 0.6036458333333333 0.44074074074074077 0.0359375 0.1527777777777778
4 0.6072916666666667 0.29814814814814816 0.028125 0.07592592592592592
1 0.39166666666666666 0.1 0.23125 0.4203703703703704
11 0.3703125 0.07407407407407407 0.0515625 0.08981481481481482
11 0.5536458333333333 0.041666666666666664 0.06354166666666666 0.09259259259259259
7 0.24427083333333333 0.000925925925925926 0.15052083333333333 0.16666666666666666
7 0.5859375 0.000925925925925926 0.11041666666666666 0.13055555555555556
