2 0.5994791666666667 0.08796296296296297 0.041666666666666664 0.12314814814814815
2 0.5921875 0.3972222222222222 0.049479166666666664 0.22870370370370371
2 0.46458333333333335 0.38055555555555554 0.04010416666666667 0.1111111111111111
2 0.44479166666666664 0.062037037037037036 0.019791666666666666 0.12129629629629629
4 0.27239583333333334 0.2824074074074074 0.08489583333333334 0.09722222222222222
4 0.4239583333333333 0.3333333333333333 0.08020833333333334 0.08888888888888889
4 0.2911458333333333 0.5601851851851852 0.0765625 0.11388888888888889
4 0.41458333333333336 0.7055555555555556 0.08645833333333333 0.12222222222222222
4 0.7213541666666666 0.4981481481481482 0.08177083333333333 0.06388888888888888
4 0.7276041666666667 0.1388888888888889 0.0828125 0.05555555555555555
4 0.5984375 0.37222222222222223 0.06197916666666667 0.06574074074074074
1 0.43854166666666666 0.06111111111111111 0.1984375 0.3888888888888889
7 0.48333333333333334 0.000925925925925926 0.06927083333333334 0.07592592592592592
