1 0.26875 0.13703703703703704 0.55625 0.6537037037037037
2 0.25885416666666666 0.1287037037037037 0.05364583333333333 0.19722222222222222
2 0.7395833333333334 0.22592592592592592 0.05 0.2
2 0.3963541666666667 0.6555555555555556 0.049479166666666664 0.31851851851851853
2 0.7807291666666667 0.7601851851851852 0.05260416666666667 0.15555555555555556
4 0.871875 0.43333333333333335 0.07083333333333333 0.15462962962962962
4 0.8286458333333333 0.03981481481481482 0.0703125 0.1787037037037037
4 0.63125 0.775 0.07135416666666666 0.225
4 0.14635416666666667 0.6546296296296297 0.06979166666666667 0.25462962962962965
7 0.48333333333333334 0.000925925925925926 0.14791666666666667 0.2638888888888889
