1 0.3177083333333333 0.10648148148148148 0.3453125 0.4601851851851852
4 0.6880208333333333 0.09166666666666666 0.053125 0.1111111111111111
4 0.3932291666666667 0.002777777777777778 0.05625 0.1111111111111111
4 0.21041666666666667 0.43333333333333335 0.058333333333333334 0.16018518518518518
4 0.2984375 0.8222222222222222 0.0578125 0.1388888888888889
4 0.5458333333333333 0.7953703703703704 0.05416666666666667 0.1425925925925926
4 0.5104166666666666 0.5416666666666666 0.05677083333333333 0.15092592592592594
4 0.7177083333333333 0.3398148148148148 0.05364583333333333 0.10277777777777777
4 0.47760416666666666 0.38425925925925924 0.046875 0.08425925925925926
2 0.3963541666666667 0.44814814814814813 0.034895833333333334 0.2222222222222222
2 0.6395833333333333 0.5453703703703704 0.03229166666666667 0.10740740740740741
2 0.6067708333333334 0.1925925925925926 0.03958333333333333 0.14722222222222223
2 0.3151041666666667 0.09814814814814815 0.03229166666666667 0.13333333333333333
7 0.45729166666666665 0.000925925925925926 0.09114583333333333 0.20925925925925926
