4 0.5942708333333333 0.4212962962962963 0.06979166666666667 0.08703703703703704
4 0.5661458333333333 0.6074074074074074 0.06197916666666667 0.0787037037037037
4 0.484375 0.7712962962962963 0.06666666666666667 0.0824074074074074
4 0.496875 0.5277777777777778 0.06510416666666667 0.09351851851851851
4 0.23333333333333334 0.5972222222222222 0.06302083333333333 0.05277777777777778
4 0.32708333333333334 0.44351851851851853 0.0640625 0.05555555555555555
4 0.23489583333333333 0.3611111111111111 0.07083333333333333 0.049074074074074076
4 0.35208333333333336 0.26481481481481484 0.06614583333333333 0.05185185185185185
2 0.3854166666666667 0.3416666666666667 0.028125 0.09722222222222222
2 0.38645833333333335 0.549074074074074 0.030729166666666665 0.16296296296296298
2 0.4703125 0.4675925925925926 0.036458333333333336 0.0824074074074074
1 0.3953125 0.24166666666666667 0.12916666666666668 0.337037037037037
7 0.4421875 0.000925925925925926 0.06927083333333334 0.3055555555555556
