4 0.13802083333333334 0.3611111111111111 0.0578125 0.10833333333333334
4 0.17447916666666666 0.6935185185185185 0.057291666666666664 0.125
4 0.37916666666666665 0.4638888888888889 0.0640625 0.06296296296296296
4 0.39791666666666664 0.2935185185185185 0.058333333333333334 0.10092592592592593
4 0.6046875 0.49537037037037035 0.06666666666666667 0.07314814814814814
4 0.4046875 0.7388888888888889 0.057291666666666664 0.125
2 0.4942708333333333 0.40185185185185185 0.05364583333333333 0.2388888888888889
4 0.5921875 0.058333333333333334 0.06666666666666667 0.06944444444444445
2 0.49166666666666664 0.011111111111111112 0.04479166666666667 0.14166666666666666
2 0.2328125 0.08888888888888889 0.04739583333333333 0.13148148148148148
2 0.284375 0.47314814814814815 0.03854166666666667 0.12407407407407407
1 0.23177083333333334 0.012037037037037037 0.2869791666666667 0.4888888888888889
11 0.3338541666666667 0.04722222222222222 0.04375 0.09907407407407408
