4 0.7880208333333333 0.44074074074074077 0.07395833333333333 0.14722222222222223
4 0.6098958333333333 0.55 0.05572916666666667 0.10555555555555556
4 0.27291666666666664 0.3398148148148148 0.06145833333333333 0.10185185185185185
4 0.5817708333333333 0.07407407407407407 0.059375 0.08703703703703704
4 0.3333333333333333 0.674074074074074 0.059375 0.10277777777777777
4 0.4635416666666667 0.7222222222222222 0.06822916666666666 0.14444444444444443
2 0.6791666666666667 0.5462962962962963 0.06666666666666667 0.2518518518518518
2 0.353125 0.37407407407407406 0.05625 0.16018518518518518
2 0.6703125 0.09351851851851851 0.05677083333333333 0.1574074074074074
2 0.41822916666666665 0.7861111111111111 0.0453125 0.1287037037037037
1 0.35520833333333335 0.08981481481481482 0.35104166666666664 0.7287037037037037
11 0.49166666666666664 0.2824074074074074 0.03125 0.07222222222222222
7 0.42864583333333334 0.000925925925925926 0.12135416666666667 0.2962962962962963
