4 0.4270833333333333 0.38425925925925924 0.04375 0.12777777777777777
4 0.3963541666666667 0.525 0.043229166666666666 0.12129629629629629
4 0.4 0.6203703703703703 0.0453125 0.10833333333333334
4 0.3640625 0.7509259259259259 0.04375 0.12129629629629629
4 0.5203125 0.40555555555555556 0.041666666666666664 0.11481481481481481
4 0.48854166666666665 0.5435185185185185 0.042708333333333334 0.11481481481481481
4 0.5041666666666667 0.6166666666666667 0.03958333333333333 0.11203703703703703
4 0.46875 0.7509259259259259 0.040625 0.1175925925925926
14 0.4796875 0.14444444444444443 0.13385416666666666 0.31203703703703706
14 0.4869791666666667 0.000925925925925926 0.15208333333333332 0.25555555555555554
