8 0.48020833333333335 0.17962962962962964 0.0609375 0.7731481481481481
7 0.0703125 0.2777777777777778 0.41354166666666664 0.625
7 0.6302083333333334 0.5981481481481481 0.3697916666666667 0.3972222222222222
15 0.4953125 0.09537037037037037 0.05260416666666667 0.07962962962962963
15 0.5697916666666667 0.09907407407407408 0.0515625 0.06851851851851852
3 0.7645833333333333 0.34814814814814815 0.06510416666666667 0.09074074074074075
12 0.0359375 0.21666666666666667 0.059375 0.10555555555555556
8 0.5645833333333333 0.18055555555555555 0.0546875 0.7916666666666666
16 0.49947916666666664 0.03333333333333333 0.03333333333333333 0.05740740740740741
16 0.5739583333333333 0.04722222222222222 0.033854166666666664 0.053703703703703705
