1 0.44114583333333335 0.4 0.20572916666666666 0.32222222222222224
7 0.5005208333333333 0.000925925925925926 0.1390625 0.37222222222222223
2 0.453125 0.4 0.05364583333333333 0.1361111111111111
2 0.60625 0.41944444444444445 0.05364583333333333 0.14074074074074075
2 0.4234375 0.6861111111111111 0.057291666666666664 0.12314814814814815
2 0.5645833333333333 0.6981481481481482 0.043229166666666666 0.0787037037037037
14 0.834375 0.19166666666666668 0.165625 0.38425925925925924
14 0.8442708333333333 0.41388888888888886 0.15572916666666667 0.5861111111111111
11 0.546875 0.37222222222222223 0.029166666666666667 0.09259259259259259
11 0.8140625 0.19444444444444445 0.03177083333333333 0.06851851851851852
