1 0.008333333333333333 0.3055555555555556 0.19635416666666666 0.32592592592592595
14 0.3984375 0.09907407407407408 0.23177083333333334 0.36574074074074076
14 0.4109375 0.32222222222222224 0.215625 0.6777777777777778
7 0.06510416666666667 0.000925925925925926 0.1359375 0.28888888888888886
2 0.16979166666666667 0.33240740740740743 0.05677083333333333 0.11574074074074074
2 0.016666666666666666 0.3055555555555556 0.0546875 0.12777777777777777
2 0.12864583333333332 0.5935185185185186 0.0421875 0.08425925925925926
2 0.0005208333333333333 0.5805555555555556 0.044270833333333336 0.11296296296296296
11 0.109375 0.27314814814814814 0.03125 0.08796296296296297
11 0.37447916666666664 0.10648148148148148 0.030729166666666665 0.06296296296296296
11 0.5380208333333333 0.12222222222222222 0.034375 0.05462962962962963
